1 30 3989 4059 3629 4253 1
2 58 7077 6070 4499 3637 2
3 86 4353 5822 3989 4039 2
4 115 5832 3645 4049 6046 1
5 142 6747 6062 4527 5652 2
6 167 4387 5832 4029 4059 2
7 194 3999 5862 3645 4315 1
8 222 6747 6074 4477 4059 2
9 251 6084 5832 5822 5862 2
10 277 5822 5660 5862 6048 1
11 305 6747 4435 4503 3645 2
12 331 4359 5822 3999 3645 2
13 357 3989 5862 3629 4327 1
14 383 6747 4433 4447 4039 2
15 408 6090 3989 4019 4039 2
16 438 5852 3645 3645 4289 1
17 465 6747 4425 4453 3629 2
18 491 6088 3989 3989 3645 2
19 520 5822 3645 5862 6026 1
20 550 7077 4405 4477 3645 2
21 578 4381 5842 5822 3645 2
22 607 5822 4039 5652 4325 1
23 633 6747 6094 6162 4049 2
24 659 4425 5822 4029 5862 2
25 689 5822 4049 5862 6044 1
26 714 6747 4421 4483 4049 2
27 739 4353 5852 4009 4049 2
28 764 5852 5660 4039 6022 1
29 790 7077 6064 4499 5872 2
30 819 6094 4009 5842 4059 2
31 848 5812 3637 5652 6038 1
32 877 6747 4381 4505 3629 2
33 907 6068 3999 5852 4059 2
34 934 3989 5652 5660 4293 1
35 959 7077 4353 4527 5652 2
36 986 6094 5812 3989 5652 2
37 1013 3989 5862 4039 4285 1
38 1041 6747 4387 6164 4039 2
39 1066 4437 5812 4029 4039 2
40 1091 3999 3645 3637 6012 1
41 1121 7077 4409 6144 5872 2
42 1146 4401 5812 3989 5872 2
43 1173 5852 3645 5660 4281 1
44 1198 7077 6062 4497 5872 2
45 1225 6088 4029 5822 3645 2
46 1254 4029 3637 5872 4325 1
47 1280 7077 4409 4493 3629 2
48 1305 4437 5842 5812 3645 2
49 1330 3999 5652 4059 4277 1
50 1357 6747 4375 6162 4049 2
51 1383 4389 3999 5852 5652 2
52 1412 5852 5862 4049 4331 1
53 1442 6747 4411 4529 4059 2
54 1471 4389 5832 4029 5660 2
55 1496 4019 5660 3645 4261 1
56 1521 7077 4431 4519 4039 2
57 1549 6066 4019 3989 4049 2
58 1574 5852 3629 5872 4253 1
59 1602 7077 4381 6144 3629 2
60 1628 4373 4009 5842 3645 2
61 1655 4009 4039 5872 6020 1
62 1682 6747 4425 6566 3629 2
63 1710 4377 5812 4009 4059 2
64 1740 4009 3645 4049 4341 1
65 1765 6747 4385 4483 3629 2
66 1793 4377 5832 4019 5862 2
67 1821 4009 4059 4039 4311 1
68 1851 7077 6066 6156 3629 2
69 1878 4373 4009 3999 3629 2
70 1906 4029 3645 5862 6012 1
71 1932 7077 6086 6136 5872 2
72 1960 4375 5812 4029 4039 2
73 1987 5852 3645 4039 4283 1
74 2014 6747 6092 4475 3637 2
75 2043 4411 5832 4029 5660 2
76 2070 3999 5652 4049 4293 1
77 2097 7077 4373 6142 4059 2
78 2127 6084 3989 5812 4059 2
79 2154 4019 5660 5652 4291 1
80 2183 7077 4423 4493 3629 2
81 2213 4357 3989 5842 5872 2
82 2241 4029 4059 5660 4283 1
83 2270 7077 4359 4501 3629 2
84 2297 4431 3999 5832 4039 2
85 2322 3999 4049 4049 6024 1
86 2347 7077 4385 4469 3629 2
87 2372 4357 3989 5842 3637 2
88 2398 5822 4039 4059 6026 1
89 2424 6747 4389 6134 5872 2
90 2450 4425 5852 5822 5862 2
91 2479 5822 3637 5660 4331 1
92 2507 6747 4351 6160 5862 2
93 2532 6096 4009 5832 5862 2
94 2560 5822 3629 3637 6024 1
95 2587 7077 4399 6564 5660 2
96 2616 4387 5852 5852 4059 2
97 2645 5852 4059 4039 4315 1
98 2675 7077 6098 4497 3645 2
99 2701 4389 5842 5812 5652 2
100 2728 5842 4039 4049 4277 1
101 2755 6747 4421 4477 5652 2
102 2785 6096 5812 5822 3637 2
103 2810 4009 4059 5862 6040 1
104 2837 6747 6070 4505 4049 2
105 2862 4409 5852 5852 5652 2
106 2887 4009 3645 5862 6016 1
107 2914 7077 6092 4501 5652 2
108 2943 4381 4009 4019 4059 2
109 2971 5812 3645 3645 4331 1
110 3001 7077 4389 6168 5660 2
111 3029 4399 5822 3989 3629 2
112 3059 4019 3645 5872 6016 1
113 3087 7077 6074 6170 4039 2
114 3114 4349 4029 4009 5862 2
115 3142 5822 5652 5872 4253 1
116 3169 7077 4377 4453 4049 2
117 3196 4437 3989 3999 3637 2
118 3224 5842 5862 4059 4287 1
119 3254 6747 4385 4499 3629 2
120 3284 4401 3999 4009 5872 2
121 3311 5822 3645 4059 6040 1
122 3337 7077 4377 6142 5862 2
123 3364 4389 4009 5852 4049 2
124 3391 5822 3645 5862 4293 1
125 3416 7077 4409 4529 3645 2
126 3446 4435 3999 5812 3645 2
127 3475 5812 4039 3645 4325 1
128 3505 6747 4373 6142 3637 2
129 3533 4407 4019 5812 3645 2
130 3558 4019 5660 4039 6048 1
131 3586 6747 6090 4507 4059 2
132 3615 4357 5812 5832 4059 2
133 3645 3999 5862 3629 4265 1
134 3675 7077 4435 4473 4039 2
135 3701 6064 5822 3999 4049 2
136 3730 4029 4049 4039 4305 1
137 3757 6747 4389 4523 4039 2
138 3784 4351 5812 4019 3645 2
139 3812 4019 3645 5872 6048 1
140 3839 6747 6086 4527 5872 2
141 3866 4407 4029 3999 5652 2
142 3894 4009 4039 5660 4329 1
143 3922 7077 4381 6168 5872 2
144 3948 4421 5832 5852 4039 2
145 3978 4009 4059 4049 4279 1
146 4004 6747 4381 4455 5660 2
147 4033 4377 3999 3999 4049 2
148 4061 5832 4059 5652 4335 1
149 4090 6747 6088 6158 3645 2
150 4118 4431 5842 3999 5862 2
151 4144 5852 4059 4059 4253 1
152 4171 6747 6088 4469 5862 2
153 4198 4399 5832 5832 5862 2
154 4228 5822 5872 5652 6020 1
155 4255 6747 4375 4527 4049 2
156 4283 4373 4009 4009 4039 2
157 4312 5812 5660 5660 6014 1
158 4337 6747 4377 6144 5872 2
159 4367 4389 5842 4029 5862 2
160 4397 3999 5652 5872 4279 1
161 4426 7077 4357 4459 4059 2
162 4453 4357 4019 5842 5872 2
163 4478 4019 4059 4039 6012 1
164 4505 7077 6062 4447 5862 2
165 4535 4377 5842 3999 5872 2
166 4560 5822 5660 4049 4259 1
167 4587 7077 4433 4453 5660 2
168 4617 4359 3999 5842 5862 2
169 4646 3989 5862 5652 4335 1
170 4673 6747 4401 6160 3637 2
171 4702 6070 3989 5852 5660 2
172 4728 5812 4049 3645 4337 1
173 4755 7077 6094 4473 5862 2
174 4785 6098 5852 4009 3637 2
175 4813 3989 5652 4039 4257 1
176 4840 6747 6064 4471 5872 2
177 4868 6094 5832 5822 4059 2
178 4896 4029 3637 4059 4331 1
179 4926 6747 6064 4493 5652 2
180 4955 6060 5852 3999 4059 2
181 4983 5822 4039 3629 4339 1
182 5009 7077 4355 6564 3645 2
183 5039 4403 3999 5832 3645 2
184 5067 5812 5652 4059 4287 1
185 5097 7077 4407 4455 4049 2
186 5126 4387 3999 4019 5862 2
187 5153 3989 5862 4039 4341 1
188 5181 7077 4381 4499 5652 2
189 5207 4437 3989 3989 4049 2
190 5237 4019 5872 4059 6042 1
191 5266 7077 4421 4503 4059 2
192 5294 6096 4019 5822 5872 2
193 5319 3999 4039 3629 4283 1
194 5349 7077 4407 6136 4039 2
195 5374 4433 3989 4029 5660 2
196 5403 3999 5660 3629 6038 1
197 5429 6747 6070 4529 4039 2
198 5454 6086 4019 3999 5660 2
199 5482 5852 3629 5652 6036 1
200 5507 7077 4357 6140 5872 2
201 5532 4409 3999 5812 5652 2
202 5562 5822 3637 4059 6014 1
203 5592 6747 4425 6160 5872 2
204 5620 4431 5832 5812 3637 2
205 5650 3989 4039 5862 4341 1
206 5680 7077 6094 6134 5660 2
207 5706 4375 5822 5832 3637 2
208 5732 5852 3637 4059 4341 1
209 5761 6747 4363 4527 4039 2
210 5786 6072 5812 5832 5660 2
211 5815 5852 5862 5652 6024 1
212 5843 7077 6094 4519 3637 2
213 5869 6090 5842 4019 4059 2
214 5896 4019 5660 3645 4339 1
215 5926 6747 4399 4525 3637 2
216 5951 4397 4009 5842 3637 2
217 5981 4029 4059 4059 4291 1
218 6010 7077 4423 4475 5652 2
219 6036 4357 5842 5842 5862 2
220 6065 5832 5862 3645 6044 1
221 6092 6747 6098 4517 5660 2
222 6117 6092 3999 5842 4059 2
223 6142 5812 4039 3637 4261 1
224 6170 7077 6074 4479 3645 2
225 6198 4435 4009 4019 5862 2
226 6228 3999 4039 4059 6048 1
227 6254 6747 4399 6146 4059 2
228 6280 4355 3989 5832 3629 2
229 6309 5822 5660 5872 4329 1
230 6335 7077 4349 6132 4049 2
231 6365 4373 4009 5832 4039 2
232 6392 5852 4059 5652 6046 1
233 6420 7077 4421 4519 5652 2
234 6447 4407 5852 5832 4049 2
235 6474 4009 4059 4049 4263 1
236 6501 6747 4421 6132 5652 2
237 6531 4397 4029 4009 3629 2
238 6560 4009 3645 5872 4327 1
239 6589 6747 6092 6132 5862 2
240 6616 6084 5852 5812 3645 2
241 6646 4019 4039 3645 6014 1
242 6671 6747 4383 4447 3645 2
243 6696 4425 4029 5832 3645 2
244 6721 5812 5660 4049 6036 1
245 6748 6747 4431 4471 5862 2
246 6775 4389 5842 3999 5660 2
247 6805 5822 5652 5660 4289 1
248 6832 7077 4411 4495 5652 2
249 6861 4399 3999 5822 5872 2
250 6889 4029 5652 5652 4307 1
251 6918 6747 6070 6156 4039 2
252 6948 6066 4029 4009 5660 2
253 6975 5812 5652 5652 6046 1
254 7003 7077 6064 6164 5872 2
255 7029 4435 5812 5832 5872 2
256 7059 3999 3645 4039 4303 1
257 7088 7077 6098 4447 5652 2
258 7114 4403 4019 5852 4059 2
259 7139 3999 3645 5872 4303 1
260 7165 6747 4401 4507 5660 2
261 7191 4431 5852 4009 5872 2
262 7216 5842 4059 4039 4327 1
263 7243 6747 4397 6160 5660 2
264 7273 4383 4019 4019 4039 2
265 7300 4019 5862 3629 4259 1
266 7330 7077 4421 6136 3629 2
267 7356 4359 3999 5812 5660 2
268 7382 3999 5862 4049 4261 1
269 7412 7077 4409 6146 3629 2
270 7442 4399 4009 3989 3629 2
271 7467 5822 5862 5660 6042 1
272 7492 6747 4357 6140 4059 2
273 7522 4431 5842 5842 5872 2
274 7548 5832 4049 5862 4315 1
275 7576 7077 4401 4493 3629 2
276 7605 4437 5832 4009 5652 2
277 7634 5842 5660 5872 4325 1
278 7659 7077 6092 4525 3645 2
279 7687 4421 5842 4009 5872 2
280 7714 5852 4049 5862 4331 1
281 7740 7077 4409 4517 5872 2
282 7766 6062 5842 5832 3645 2
283 7791 5812 3637 3629 4301 1
284 7817 7077 6064 4475 5872 2
285 7845 6094 5852 5842 5872 2
286 7874 5812 3637 3645 4291 1
287 7903 7077 6066 4517 3645 2
288 7931 4423 5842 3989 3637 2
289 7957 3999 3629 5862 4289 1
290 7986 7077 6068 4481 3645 2
291 8015 6072 4019 5812 5652 2
292 8042 4019 5652 3629 6020 1
293 8070 6747 4385 4469 3645 2
294 8095 4421 4019 4019 4059 2
295 8125 5832 3637 5660 4281 1
296 8153 7077 4387 6162 3637 2
297 8179 6098 4009 3999 3637 2
298 8208 5822 4039 4049 6024 1
299 8234 7077 4387 6166 4049 2
300 8261 4351 3999 5812 3637 2
301 8290 5812 5872 5652 4309 1
302 8315 7077 6070 6134 4039 2
303 8340 6064 5832 5822 3645 2
304 8370 5852 4059 3629 6020 1
305 8395 7077 4363 4449 5872 2
306 8421 6064 5842 5832 5652 2
307 8450 4029 5660 5862 6050 1
308 8477 7077 4411 6168 4039 2
309 8507 4437 5832 3989 5862 2
310 8537 5812 3637 4039 4315 1
311 8566 7077 4361 4517 5660 2
312 8596 6094 5832 4009 3629 2
313 8622 4009 5660 4039 6014 1
314 8651 6747 6066 6158 3629 2
315 8681 4421 4019 5812 5660 2
316 8707 5852 4059 4039 4289 1
317 8736 7077 4363 4445 5862 2
318 8764 4349 5852 5842 5652 2
319 8789 3989 4059 5872 4259 1
320 8817 6747 4387 4529 4049 2
321 8847 6088 5842 4029 4049 2
322 8876 4029 5862 4039 6020 1
323 8905 6747 4409 4507 3637 2
324 8934 4373 5822 5852 4049 2
325 8962 3989 5862 5862 4311 1
326 8989 7077 4389 6144 5652 2
327 9018 6060 5842 5852 5862 2
328 9048 5832 3637 3629 6024 1
329 9077 6747 6074 4479 4059 2
330 9105 6066 3999 3999 4059 2
331 9130 5852 4039 4039 6020 1
332 9160 6747 4389 6162 3629 2
333 9189 4425 5842 3989 5862 2
334 9214 4009 3629 4059 4263 1
335 9242 7077 4429 4519 5660 2
336 9271 6086 4019 5822 3645 2
337 9299 5842 5660 3637 6024 1
338 9328 6747 6060 4445 4049 2
339 9357 4433 3999 5832 5872 2
340 9385 5842 4059 4049 4267 1
341 9414 6747 4385 6144 3629 2
342 9443 6060 5852 3999 3645 2
343 9470 5832 5660 3629 4281 1
344 9495 7077 4373 4485 3629 2
345 9522 6088 3989 3999 4049 2
346 9550 5852 3629 5652 4311 1
347 9577 6747 4411 4497 5660 2
348 9606 4435 5812 3989 5872 2
349 9635 3989 3637 5660 4305 1
350 9663 7077 4375 6144 5660 2
351 9688 4431 5832 4009 4059 2
352 9717 5842 5862 5872 4263 1
353 9746 6747 4423 4447 5660 2
354 9772 4355 4019 4019 3629 2
355 9800 5832 3637 5660 4341 1
356 9829 7077 4421 6158 5872 2
357 9856 6068 5822 4019 5652 2
358 9886 4019 5660 3629 6016 1
359 9914 7077 6086 6132 4059 2
360 9944 4399 5832 5822 5660 2
361 9973 3999 3637 4059 6022 1
362 10002 7077 4349 4507 3629 2
363 10032 4401 3989 3999 5660 2
364 10062 5852 4049 4059 4335 1
365 10092 7077 4403 4459 5862 2
366 10118 4377 5832 4019 5652 2
367 10144 5832 4049 5872 4259 1
368 10169 7077 6060 4445 5862 2
369 10194 6090 4009 4029 3637 2
370 10220 4019 4049 5660 4335 1
371 10248 7077 6060 4469 3645 2
372 10277 4401 3999 4019 5872 2
373 10304 5822 5862 5862 4277 1
374 10332 7077 6096 4501 5862 2
375 10362 6098 5832 4029 3645 2
376 10389 4019 3629 4059 4329 1
377 10416 7077 6092 4451 5872 2
378 10445 6090 4019 5852 5652 2
379 10470 3999 4049 5872 4307 1
380 10497 6747 6060 6136 3645 2
381 10523 4379 5852 4029 3645 2
382 10552 3989 4039 5872 4283 1
383 10579 6747 6098 6134 5872 2
384 10609 4373 4019 5832 4039 2
385 10638 4019 4049 4049 4281 1
386 10668 6747 4425 6158 3645 2
387 10694 6092 3999 4009 3629 2
388 10723 5822 5872 4059 4279 1
389 10751 7077 4361 4505 5652 2
390 10780 6064 5832 3999 4039 2
391 10805 5852 5652 5660 4303 1
392 10831 6747 6074 6158 5862 2
393 10857 4437 4009 3999 4039 2
394 10886 5812 3637 3645 6022 1
395 10915 6747 4381 4453 4059 2
396 10940 4377 5822 4019 3645 2
397 10969 4009 3629 4059 6018 1
398 10994 6747 6098 6138 3637 2
399 11020 4399 5822 4019 4039 2
400 11046 4019 3629 5862 4325 1
401 11074 6747 4377 4471 4039 2
402 11101 4433 3989 4019 4059 2
403 11131 4009 3645 4049 4311 1
404 11160 6747 4355 4479 5862 2
405 11188 4403 4019 4029 5872 2
406 11218 4029 3645 5872 4331 1
407 11246 6747 4423 6132 4049 2
408 11273 4361 5832 5832 4049 2
409 11298 3989 3645 5652 4279 1
410 11326 6747 4405 4449 3629 2
411 11355 4389 4019 4029 5652 2
412 11383 5812 4039 3629 4333 1
413 11411 6747 6064 6146 5652 2
414 11438 4355 4019 3989 4049 2
415 11468 5842 3645 3629 4267 1
416 11496 6747 4389 4455 5862 2
417 11522 6090 5832 5822 4059 2
418 11552 3989 3629 4059 4303 1
419 11582 6747 4435 4517 3645 2
420 11609 6068 5822 3999 5652 2
421 11638 4009 4059 4039 6042 1
422 11665 6747 4397 6160 5660 2
423 11690 4403 5822 3999 5652 2
424 11719 5822 5652 5652 4255 1
425 11746 7077 4385 4503 3645 2
426 11772 4407 4019 3999 5862 2
427 11798 5852 4039 4039 6044 1
428 11825 6747 4407 4451 5652 2
429 11855 4401 5852 5842 3629 2
430 11884 3999 3629 5652 4333 1
431 11909 7077 4353 4485 5872 2
432 11937 6098 4009 5842 3637 2
433 11966 3999 5652 4049 4339 1
434 11995 6747 4401 4479 5872 2
435 12024 4405 5832 5832 3637 2
436 12051 4009 5660 5862 4279 1
437 12081 6747 4387 4527 4059 2
438 12111 4399 4029 4029 4049 2
439 12137 5852 5660 5862 4257 1
440 12165 6747 4427 6166 3645 2
441 12195 6072 4019 4029 3645 2
442 12223 5832 5872 5872 4293 1
443 12248 6747 4407 4449 5862 2
444 12276 4411 4009 5842 5872 2
445 12305 3999 4049 3629 4279 1
446 12334 6747 6094 4485 5660 2
447 12359 4429 5822 5812 4039 2
448 12387 5832 4059 4049 6012 1
449 12415 7077 6088 6158 5652 2
450 12443 4409 4009 4029 5660 2
451 12470 3999 3645 5872 4311 1
452 12499 6747 4429 4473 4059 2
453 12526 4409 3989 3999 3629 2
454 12555 5852 4039 5652 4307 1
455 12581 7077 4431 4521 5872 2
456 12606 4389 5852 3999 5862 2
457 12631 5852 5872 4039 4289 1
458 12660 7077 4433 4479 4059 2
459 12688 4399 5812 4029 4059 2
460 12716 5842 5862 3629 4333 1
461 12746 6747 4385 4499 5652 2
462 12771 6098 5812 4019 5652 2
463 12798 4019 4059 5652 6042 1
464 12828 7077 6068 4447 5660 2
465 12857 6094 5812 3989 3637 2
466 12887 4029 4039 3645 6044 1
467 12917 6747 4361 4501 3637 2
468 12944 4373 5812 4019 5862 2
469 12972 5852 4049 4049 4325 1
470 12999 7077 4437 6166 5862 2
471 13026 4421 5812 4009 5652 2
472 13052 5822 5660 3645 4285 1
473 13080 7077 4363 6164 4049 2
474 13109 4429 5852 3989 3629 2
475 13134 3989 3637 5872 6018 1
476 13163 7077 6074 4455 3645 2
477 13191 4425 5832 3999 5872 2
478 13218 3999 5660 5660 4281 1
479 13244 6747 4361 4507 4049 2
480 13274 4405 5842 4009 5862 2
481 13304 3989 3629 3645 6020 1
482 13332 7077 4401 6138 5660 2
483 13359 4359 3989 5852 5660 2
484 13387 4009 3629 4039 6048 1
485 13415 6747 4421 6170 3629 2
486 13444 6066 5822 5842 5862 2
487 13473 5832 3629 4039 6044 1
488 13499 7077 4437 4481 5652 2
489 13527 4407 5822 5852 4059 2
490 13554 4009 4039 4039 4255 1
491 13583 7077 4409 4525 3645 2
492 13610 6060 5832 5852 3637 2
493 13635 4019 5872 4049 4257 1
494 13660 6747 4353 6158 4059 2
495 13685 4351 5822 5852 5652 2
496 13714 5812 4039 4049 6044 1
497 13744 7077 6060 4517 3629 2
498 13773 6060 3999 4019 5652 2
499 13802 5812 3645 3629 6016 1
500 13830 7077 4377 4453 4039 2
501 13857 4421 3989 5832 3637 2
502 13882 3989 3629 5652 4301 1
503 13911 7077 4403 6136 5872 2
504 13939 4373 3999 3989 4059 2
505 13969 3999 4049 4039 6014 1
506 13998 7077 4437 4503 5660 2
507 14028 4399 3999 5842 3645 2
508 14055 4029 3629 4049 4325 1
509 14085 6747 4397 6168 3629 2
510 14114 4407 4019 4009 5872 2
511 14144 4019 3629 4049 4329 1
512 14169 7077 4383 4475 3645 2
513 14196 4437 5842 4009 4059 2
514 14224 3999 5660 3629 4333 1
515 14250 6747 6068 6160 4059 2
516 14276 6064 3989 5842 5872 2
517 14305 5832 4039 4049 4281 1
518 14334 6747 6068 6136 3645 2
519 14360 4375 3989 5852 3645 2
520 14386 5852 5862 5862 4303 1
521 14416 6747 4403 4453 3645 2
522 14446 6088 5842 3999 4049 2
523 14474 5822 5660 3637 6022 1
524 14504 7077 4349 4503 4049 2
525 14529 6092 3999 3989 5862 2
526 14554 3999 3629 3629 4259 1
527 14582 7077 4431 6162 3645 2
528 14611 4431 5832 3999 4049 2
529 14639 4029 5652 4049 6036 1
530 14665 6747 6062 4469 5872 2
531 14694 4385 3999 5842 4049 2
532 14719 4019 5872 4039 4327 1
533 14747 6747 4423 4519 3637 2
534 14772 4409 4019 4019 5862 2
535 14801 3989 3645 3637 4263 1
536 14829 6747 4405 6136 4039 2
537 14857 4377 4009 5812 5862 2
538 14883 5822 5660 3645 4279 1
539 14910 7077 4397 4525 5872 2
540 14939 4427 4019 3999 5660 2
541 14968 5812 4049 4049 4337 1
542 14994 6747 6098 4459 4059 2
543 15020 6064 3989 5832 5660 2
544 15050 3999 5652 5660 4293 1
545 15075 6747 6094 4525 5652 2
546 15101 6094 4019 5852 5872 2
547 15129 5842 4049 3645 4333 1
548 15156 6747 4409 4517 3629 2
549 15181 4425 5812 4029 5872 2
550 15209 4009 5660 5652 4255 1
551 15239 6747 4377 6564 4059 2
552 15265 4401 4029 5842 4049 2
553 15295 5822 5872 5862 6048 1
554 15322 6747 6072 4483 4049 2
555 15352 4379 5832 5822 4059 2
556 15382 5822 5862 5660 4335 1
557 15408 7077 4401 6138 3645 2
558 15436 4389 5812 5842 5652 2
559 15466 5812 4039 3629 6036 1
560 15494 6747 4353 6166 3629 2
561 15522 4379 3989 3989 4039 2
562 15550 4019 4039 3637 6016 1
563 15575 6747 6086 4479 3629 2
564 15602 4389 5822 4009 3645 2
565 15628 3999 3645 5862 6014 1
566 15656 7077 4385 4527 3645 2
567 15681 6074 5842 5852 5862 2
568 15710 4029 4059 3629 6044 1
569 15735 6747 4411 4495 3637 2
570 15765 4399 4009 5822 5862 2
571 15791 5842 4039 3629 4265 1
572 15819 7077 4363 4517 3637 2
573 15844 6060 5852 5822 3645 2
574 15871 5822 4039 4059 6024 1
575 15901 6747 4423 6156 5872 2
576 15929 6088 5812 3989 5872 2
577 15954 5852 3645 3629 4279 1
578 15981 7077 4387 4497 4049 2
579 16010 4427 4019 4029 4039 2
580 16036 5842 3637 5660 4259 1
581 16063 6747 6070 6146 4039 2
582 16089 4357 5832 5852 5652 2
583 16116 5822 3637 5652 6018 1
584 16145 6747 4375 4497 3645 2
585 16173 4421 5842 5842 5660 2
586 16202 4009 3629 4039 4337 1
587 16230 7077 4355 4455 3645 2
588 16255 4351 5842 4029 3637 2
589 16281 4009 4039 3629 4303 1
590 16311 7077 6062 4503 3645 2
591 16337 6068 5842 4009 4059 2
592 16365 4019 5872 4049 4307 1
593 16395 7077 4425 6144 5862 2
594 16424 6060 5852 4029 3645 2
595 16449 5822 4049 5872 4263 1
596 16479 6747 4357 4475 5872 2
597 16509 4363 4029 4009 4059 2
598 16539 4019 5862 3645 4261 1
599 16567 7077 6084 4477 5652 2
600 16594 6060 4019 4019 5660 2
601 16622 3989 4039 3637 4307 1
602 16650 7077 4373 6164 4039 2
603 16677 4407 4009 4029 4039 2
604 16706 4019 4059 5660 4257 1
605 16734 7077 4407 6566 5652 2
606 16764 4355 5812 3989 3645 2
607 16794 5842 4059 5862 4289 1
608 16819 6747 4403 4477 5862 2
609 16847 4363 3989 4019 4049 2
610 16874 5832 5652 4059 4257 1
611 16899 7077 6072 6164 5862 2
612 16928 6072 4029 5822 3629 2
613 16956 5812 5862 5862 4259 1
614 16985 6747 6060 4473 3645 2
615 17013 6090 4019 5852 5872 2
616 17039 4029 4059 3645 6020 1
617 17068 7077 4433 4505 5652 2
618 17094 4379 4019 4009 4039 2
619 17124 5852 5652 5872 4305 1
620 17153 6747 4387 4447 5862 2
621 17179 6062 5812 3999 5652 2
622 17204 5852 4059 3645 4287 1
623 17232 6747 4401 4527 5652 2
624 17258 6094 4009 5852 3629 2
625 17285 5812 5872 5862 4327 1
626 17313 6747 4377 6162 3629 2
627 17338 4403 4009 4009 3645 2
628 17367 5822 3645 5862 4279 1
629 17394 7077 4407 4505 3645 2
630 17422 4373 5822 5832 4059 2
631 17448 5842 5660 4039 4279 1
632 17473 7077 4375 4475 3645 2
633 17502 4429 5812 5832 4059 2
634 17529 4009 5652 5872 4287 1
635 17556 7077 4357 4479 4039 2
636 17583 4437 5822 4009 5652 2
637 17613 5842 5652 4039 4325 1
638 17639 7077 4397 6144 4059 2
639 17669 6084 5842 4019 3629 2
640 17697 5832 5652 5862 4281 1
641 17724 6747 6092 4517 4049 2
642 17751 6086 5852 5852 4049 2
643 17778 4009 5872 3629 4331 1
644 17807 6747 4375 6142 3629 2
645 17833 4379 4019 3999 5862 2
646 17858 3999 3629 3637 4257 1
647 17888 6747 4379 4503 5872 2
648 17915 4379 5812 3999 3637 2
649 17940 4019 5660 5862 4327 1
650 17966 7077 4425 4471 3629 2
651 17995 4431 4009 4019 4049 2
652 18022 4009 4039 5652 4253 1
653 18050 7077 4435 6132 4039 2
654 18080 6090 5852 4029 4039 2
655 18105 5852 3629 4049 4261 1
656 18135 6747 6074 6136 5862 2
657 18162 6088 5832 3989 4059 2
658 18187 4009 5872 4059 4279 1
659 18216 7077 4397 4529 5652 2
660 18243 4433 4019 4029 3637 2
661 18273 5822 5872 3645 6036 1
662 18303 6747 4429 4517 3637 2
663 18332 4429 4009 4029 4039 2
664 18359 5822 5872 3637 6020 1
665 18385 7077 4409 6566 5652 2
666 18413 4349 4029 4029 3629 2
667 18440 5812 4039 4049 4287 1
668 18469 7077 4363 6158 4059 2
669 18497 4397 4019 3989 3637 2
670 18525 5822 4049 5652 4259 1
671 18550 6747 4389 4523 3637 2
672 18580 4383 5832 5852 5872 2
673 18608 5842 4039 5862 4333 1
674 18634 7077 4401 4485 5652 2
675 18663 6072 3999 5812 3637 2
676 18691 5842 5872 3629 4291 1
677 18717 7077 6066 4521 3629 2
678 18742 4353 4009 4019 4059 2
679 18772 5852 5862 5652 6014 1
680 18800 6747 4401 4457 5872 2
681 18827 4373 5832 4019 4049 2
682 18856 3999 4049 5862 4287 1
683 18886 6747 4383 4499 4039 2
684 18915 6064 3999 5842 5862 2
685 18941 5822 3637 5872 4255 1
686 18971 6747 4383 4503 5652 2
687 18998 6096 5812 5822 5652 2
688 19026 3989 4049 3645 4333 1
689 19053 7077 6062 6164 3645 2
690 19082 6068 5812 5822 5660 2
691 19108 3989 5872 5862 6036 1
692 19133 7077 6096 4459 4059 2
693 19160 4425 4029 3999 5872 2
694 19186 3999 5660 5872 4281 1
695 19211 6747 6068 4469 5660 2
696 19237 6070 5842 4009 4049 2
697 19263 5812 3637 5652 4257 1
698 19290 6747 6062 4455 4049 2
699 19319 4363 3999 3989 5660 2
700 19345 3989 5862 5862 4303 1
701 19371 6747 6060 4473 5872 2
702 19401 6094 3999 5822 5872 2
703 19431 4009 3645 3629 6016 1
704 19458 7077 6072 4517 3645 2
705 19485 6070 4029 4019 5652 2
706 19515 5832 5872 4059 4289 1
707 19543 6747 4385 6164 4039 2
708 19569 4401 3989 5822 4059 2
709 19594 5812 3629 4039 6022 1
710 19624 6747 4409 6160 3629 2
711 19651 6060 4029 3989 3645 2
712 19677 4029 5872 3629 6012 1
713 19705 6747 4377 4475 4039 2
714 19733 6094 5842 5832 3629 2
715 19761 5832 4039 4039 4313 1
716 19790 6747 4375 6566 3629 2
717 19815 6090 5852 5812 5872 2
718 19842 4029 4039 5872 4301 1
719 19867 7077 6064 6134 4059 2
720 19892 4433 3999 4009 3637 2
721 19920 3989 3637 5652 4265 1
722 19945 7077 4383 4447 5872 2
723 19972 6096 3989 4029 4039 2
724 19997 4029 4049 4049 4255 1
725 20022 7077 4403 4481 3629 2
726 20051 4429 5842 3999 3629 2
727 20079 5832 4049 4039 4331 1
728 20109 7077 6092 6144 4039 2
729 20134 4389 4029 5842 4049 2
730 20161 3989 5862 3637 4339 1
731 20191 7077 4381 4469 5660 2
732 20220 4405 5852 3999 5872 2
733 20248 5842 4039 3637 4301 1
734 20273 6747 4381 4525 4039 2
735 20298 4437 5852 4009 3645 2
736 20324 5822 5862 4059 4267 1
737 20352 7077 4377 6136 3645 2
738 20381 6086 5842 3989 4039 2
739 20407 5852 4049 4059 6046 1
740 20433 6747 4355 6158 3629 2
741 20462 4403 5832 5812 5862 2
742 20488 3999 5652 3645 4339 1
743 20517 6747 6092 6164 3637 2
744 20542 6088 5812 5832 4059 2
745 20567 5852 4039 4039 6044 1
746 20593 7077 4357 6168 5652 2
747 20619 4355 4029 4029 5660 2
748 20648 5842 5652 4049 4309 1
749 20674 6747 6090 4501 5660 2
750 20699 4435 4029 5812 3645 2
751 20729 4019 5652 4059 4311 1
752 20756 7077 6094 4519 3629 2
753 20786 4383 5812 3999 5660 2
754 20813 3989 3637 5872 6050 1
755 20838 6747 6096 4473 5872 2
756 20865 6096 3989 5832 4049 2
757 20894 5832 3645 5872 6040 1
758 20919 7077 4377 4451 4039 2
759 20948 4427 5832 3999 5652 2
760 20974 5812 3637 5652 4301 1
761 21000 7077 4359 6564 5660 2
762 21029 6096 3989 5822 4039 2
763 21057 3989 4039 3637 6040 1
764 21085 7077 4389 6168 4049 2
765 21111 4379 4009 5842 5862 2
766 21136 3989 3637 4039 6018 1
767 21166 6747 4375 4501 3629 2
768 21193 6094 4009 4009 3629 2
769 21220 3989 4059 5862 4315 1
770 21248 7077 4377 4505 4049 2
771 21276 6064 5832 5822 4049 2
772 21301 5832 4059 4059 6020 1
773 21327 7077 6072 4525 3637 2
774 21352 6062 3999 5852 4059 2
775 21381 5812 3645 4039 6046 1
776 21406 6747 6060 6168 3645 2
777 21435 4407 3999 5852 3645 2
778 21462 4019 4059 3645 6022 1
779 21491 7077 4409 4521 4059 2
780 21520 4373 5832 5852 4049 2
781 21550 5812 4049 3637 4329 1
782 21577 7077 6062 4517 3645 2
783 21607 6070 4009 3989 5652 2
784 21634 5842 3645 4059 6044 1
785 21660 7077 4379 4529 3637 2
786 21685 6088 4029 3999 4059 2
787 21712 4009 4039 4039 6014 1
788 21739 7077 4425 4525 5872 2
789 21768 4425 4019 3999 4049 2
790 21798 3999 3645 4039 6040 1
791 21824 6747 4353 6146 5872 2
792 21852 4379 5842 4019 3637 2
793 21882 5852 3645 4059 4329 1
794 21910 6747 4357 4501 4039 2
795 21936 4389 3999 5822 4049 2
796 21961 5822 5862 3629 4339 1
797 21990 6747 4399 6140 5862 2
798 22016 6074 4009 5812 5660 2
799 22044 5852 3637 3637 4313 1
800 22073 7077 4435 4475 5862 2
801 22098 4373 3989 4029 5652 2
802 22126 4019 5660 5652 4315 1
803 22156 6747 4437 6166 5652 2
804 22185 6086 3989 4029 5862 2
805 22214 5852 3645 4049 6024 1
806 22239 6747 6096 6158 5862 2
807 22264 6068 3999 3989 5872 2
808 22290 5812 5652 4059 4311 1
809 22319 7077 4387 4459 5652 2
810 22346 4405 5842 4019 3645 2
811 22372 5842 3637 5652 6020 1
812 22398 7077 4397 4493 5660 2
813 22423 6060 5822 5822 4059 2
814 22453 5832 5660 3629 4335 1
815 22479 6747 6064 4457 5660 2
816 22507 4385 3999 3989 4049 2
817 22532 5832 5862 5872 4327 1
818 22560 7077 6094 4505 3629 2
819 22585 6070 4019 5822 5872 2
820 22611 4029 5862 5872 4309 1
821 22638 6747 4385 4501 4049 2
822 22665 4399 5832 4019 5872 2
823 22692 4019 4039 4049 4261 1
824 22718 7077 4429 6170 4049 2
825 22745 4399 4009 5812 5872 2
826 22775 5822 4059 3645 6026 1
827 22804 7077 6068 6160 4059 2
828 22830 4397 3989 4019 3637 2
829 22857 5852 4049 4039 4301 1
830 22884 6747 4397 4501 5652 2
831 22911 6088 3999 3999 5862 2
832 22938 5822 3645 4039 4265 1
833 22965 6747 4427 4505 4049 2
834 22992 4351 5822 5842 5872 2
835 23017 5832 5652 5872 4253 1
836 23047 7077 4387 6566 5862 2
837 23076 4437 4029 4019 3629 2
838 23101 4019 4049 3637 4255 1
839 23127 7077 4373 4451 5652 2
840 23155 4411 5822 4029 4039 2
841 23184 5822 5872 3645 4307 1
842 23213 7077 4357 4447 4049 2
843 23240 6064 4019 4019 4049 2
844 23267 4029 5862 5872 4315 1
845 23292 7077 4381 6138 4049 2
846 23319 4381 3989 5822 5660 2
847 23349 4029 4039 3637 4311 1
848 23375 6747 6072 4481 5660 2
849 23402 6090 4009 5832 4059 2
850 23430 4009 5872 5872 4265 1
851 23459 7077 4433 4479 5872 2
852 23489 4421 4009 3989 4059 2
853 23515 5822 3645 4049 6036 1
854 23545 7077 4375 4521 3637 2
855 23571 4357 3999 3999 3645 2
856 23600 5842 3637 4039 6036 1
857 23629 7077 6070 6166 5862 2
858 23658 6086 5832 3989 5872 2
859 23683 5842 4039 4039 4331 1
860 23711 6747 4425 6134 4059 2
861 23738 4431 3989 3999 4039 2
862 23765 4029 3637 4049 4311 1
863 23791 7077 4357 4469 5862 2
864 23816 4437 4019 5842 4049 2
865 23845 4009 5660 5660 6038 1
866 23874 6747 6086 4519 3637 2
867 23900 6068 4019 5812 5862 2
868 23930 3999 4059 4059 4305 1
869 23957 7077 4377 4449 5862 2
870 23986 6098 3999 5822 5872 2
871 24011 5822 4049 5872 4293 1
872 24036 7077 4411 4477 5862 2
873 24061 6066 3999 3999 3645 2
874 24091 4029 5872 3637 4337 1
875 24119 6747 6086 6136 3637 2
876 24146 4375 5852 5822 4049 2
877 24175 5812 5862 3645 4327 1
878 24205 7077 4427 6132 4049 2
879 24235 6066 3989 5812 5872 2
880 24262 3989 5862 3629 4255 1
881 24287 6747 6096 4497 3645 2
882 24313 4399 3999 5822 4059 2
883 24340 4019 5652 5862 4287 1
884 24368 6747 6062 6146 3637 2
885 24394 6092 5832 3989 5872 2
886 24420 5822 4059 5660 4263 1
887 24450 6747 4355 4519 3629 2
888 24479 4381 5812 5832 5660 2
889 24506 5812 4049 4039 6046 1
890 24535 7077 4387 4457 5862 2
891 24564 4349 4019 4029 3645 2
892 24592 4029 3629 3637 4305 1
893 24621 6747 4381 4481 4049 2
894 24651 6066 5832 5852 4049 2
895 24679 5822 4059 5652 4331 1
896 24707 6747 4425 4471 5862 2
897 24737 4427 3999 5812 5872 2
898 24764 4009 4059 5660 4283 1
899 24792 7077 6062 4527 4049 2
900 24819 4433 4009 4029 5660 2
