1 28 5812 4039 3645 4265 1
2 57 7077 4349 4527 3637 2
3 90 6096 5822 4019 5862 2
4 122 5822 5660 5872 4259 1
5 147 6747 6068 6164 3629 2
6 174 4361 3999 4019 5652 2
7 201 5812 4049 5660 4333 1
8 234 6747 4421 4455 3637 2
9 263 4425 5842 4009 4049 2
10 297 3989 5862 5652 6020 1
11 331 6747 6092 4469 3637 2
12 364 6066 5822 4029 4059 2
13 393 4019 3629 5652 4279 1
14 423 6747 4351 6132 4059 2
15 448 4397 3999 4019 3645 2
16 478 3989 5862 3645 6040 1
17 505 6747 4383 6164 5660 2
18 540 6060 4029 5842 3645 2
19 569 4009 4049 5660 4277 1
20 600 7077 4357 4477 5872 2
21 635 6062 5812 4019 4039 2
22 668 5832 3645 3629 4289 1
23 696 7077 4355 6144 4059 2
24 722 4389 5842 5832 3629 2
25 748 5812 3637 5872 6050 1
26 778 6747 6094 4471 4039 2
27 808 6062 5822 3989 3645 2
28 839 5842 3645 5872 4265 1
29 866 7077 4399 4471 4049 2
30 894 6072 5832 4009 4039 2
31 922 5832 5652 4049 4293 1
32 947 7077 4363 4447 4039 2
33 973 4403 4019 5822 4039 2
34 1005 4019 4049 5862 4309 1
35 1033 7077 4437 4507 5872 2
36 1067 4351 5852 5822 3637 2
37 1095 4019 3637 3629 4341 1
38 1126 6747 6092 4453 4039 2
39 1159 6064 3999 4029 5652 2
40 1193 5832 4039 5862 4255 1
41 1224 6747 4427 4493 3629 2
42 1259 6094 4009 5812 4059 2
43 1294 4029 5862 4049 4307 1
44 1320 6747 6092 4459 3637 2
45 1354 6072 5822 5832 5660 2
46 1383 5822 5652 5652 4287 1
47 1410 7077 6062 4495 4039 2
48 1442 6068 5852 5812 5872 2
49 1472 3999 3645 5862 4285 1
50 1507 7077 4375 4501 5652 2
51 1533 4389 5842 5842 4039 2
52 1561 5822 5862 5872 6022 1
53 1593 6747 4383 4453 5660 2
54 1621 6066 5852 3999 3645 2
55 1656 5842 5652 3637 4335 1
56 1688 6747 4373 4517 3645 2
57 1722 6088 4019 5842 3629 2
58 1755 5812 4049 4049 4283 1
59 1786 6747 4437 4455 3637 2
60 1811 6092 5822 5812 5660 2
61 1843 5822 4059 3637 4307 1
62 1872 7077 4381 4505 3645 2
63 1905 6098 5852 4009 3645 2
64 1940 3989 4059 5872 4329 1
65 1972 6747 4375 4447 3637 2
66 2003 6090 4029 4019 3637 2
67 2032 3999 5862 3645 4313 1
68 2059 7077 4373 6166 4039 2
69 2093 6068 4029 5832 5862 2
70 2127 4029 5862 5862 4305 1
71 2153 6747 4421 4457 4039 2
72 2185 4423 5842 5822 5872 2
73 2210 3999 5872 5660 4309 1
74 2237 7077 4407 6156 5872 2
75 2265 4435 5852 3989 4059 2
76 2298 4009 4049 4039 4301 1
77 2331 7077 4405 6144 5652 2
78 2366 6064 3999 3989 5660 2
79 2392 3989 5872 5872 4337 1
80 2425 7077 6092 6162 4039 2
81 2458 4407 5832 5812 4039 2
82 2488 4019 5862 3629 4291 1
83 2520 7077 4363 4445 4049 2
84 2545 6086 3989 5812 4049 2
85 2576 3999 4039 5660 6022 1
86 2602 7077 4399 6138 3637 2
87 2632 6070 5832 4009 3637 2
88 2659 5842 5660 4039 4315 1
89 2690 6747 6066 6566 5660 2
90 2715 6098 4029 4029 4039 2
91 2750 4029 5652 4059 6046 1
92 2777 6747 4381 6132 5872 2
93 2810 4377 5852 4009 3629 2
94 2842 5812 5872 4039 4267 1
95 2869 7077 4427 4455 5652 2
96 2898 6062 4019 5832 3629 2
97 2925 5822 4049 5862 4337 1
98 2954 7077 6066 4495 5872 2
99 2983 6092 5822 4029 5872 2
100 3008 3999 4039 3645 4313 1
101 3036 7077 6084 4451 5862 2
102 3066 4397 5822 5842 3637 2
103 3097 5842 3645 3629 4315 1
104 3131 7077 6066 6170 4039 2
105 3166 4383 5852 5832 5872 2
106 3198 4019 3637 5872 4263 1
107 3231 7077 4375 6142 5862 2
108 3265 6086 4009 4019 5872 2
109 3297 5852 4039 4059 4329 1
110 3325 7077 6062 4497 5660 2
111 3351 4361 5852 5832 3637 2
112 3386 5822 4049 3629 4335 1
113 3418 6747 4359 6136 5872 2
114 3445 4351 5842 5842 3637 2
115 3476 5832 5872 3629 4293 1
116 3506 7077 6098 4523 4039 2
117 3535 4425 4019 4029 3645 2
118 3563 4029 5862 3637 6018 1
119 3593 6747 4377 4445 3645 2
120 3618 6084 3999 4029 5660 2
121 3652 5852 3637 3645 6038 1
122 3682 6747 4389 6134 3645 2
123 3713 6098 4009 5812 5652 2
124 3742 4019 3629 3645 4331 1
125 3769 6747 6070 4459 4049 2
126 3802 6064 5852 5852 5862 2
127 3835 4009 5660 4059 6044 1
128 3864 7077 4425 4473 3645 2
129 3899 4409 5832 4009 5872 2
130 3934 4019 3629 4059 6022 1
131 3966 7077 6096 4507 4039 2
132 3999 4363 5812 5832 3645 2
133 4032 5812 5652 4049 4293 1
134 4057 6747 6072 4523 5660 2
135 4089 6084 3999 5842 4049 2
136 4124 3989 3645 5660 4283 1
137 4154 6747 4359 4519 3645 2
138 4185 6096 5832 5842 5872 2
139 4212 5832 3645 4049 6040 1
140 4244 6747 4403 4453 5660 2
141 4273 4437 4019 3999 4059 2
142 4302 5852 5660 3637 4341 1
143 4329 7077 6092 6168 3629 2
144 4363 4349 4029 5812 3645 2
145 4389 5812 5872 4049 4259 1
146 4415 7077 4361 6146 3637 2
147 4443 4389 5842 4009 3645 2
148 4469 5832 3629 4039 4327 1
149 4503 7077 4397 4453 3637 2
150 4537 4411 5822 5842 4039 2
151 4563 4009 5652 3645 4341 1
152 4588 7077 4387 4481 5862 2
153 4619 6066 4019 5852 4049 2
154 4644 3989 4059 5660 4285 1
155 4672 6747 6070 4527 4049 2
156 4700 4361 3999 4019 5660 2
157 4726 4019 5660 4049 4277 1
158 4761 7077 6068 6164 3645 2
159 4788 4381 5822 5852 3629 2
160 4823 5832 5652 3645 6024 1
161 4853 7077 4437 6158 5660 2
162 4882 6090 5852 5822 5660 2
163 4916 4019 5652 4039 4281 1
164 4945 6747 4377 4529 5872 2
165 4971 4407 5832 4019 5872 2
166 4999 4029 3629 4049 4301 1
167 5024 7077 4427 4483 3629 2
168 5052 4381 4029 5842 5652 2
169 5077 5832 5862 4059 6046 1
170 5107 6747 4399 4505 3637 2
171 5137 4355 5842 4019 5660 2
172 5171 5832 5862 4039 4327 1
173 5203 7077 4353 6144 3629 2
174 5229 4425 5822 3989 5660 2
175 5263 3999 4059 4039 4327 1
176 5297 7077 4427 6166 3645 2
177 5332 4389 5832 5842 4049 2
178 5358 3989 4059 4049 4313 1
179 5387 6747 6064 4479 5872 2
180 5412 6066 4029 4009 5872 2
181 5441 4019 3637 5862 6048 1
182 5472 6747 4373 4457 4039 2
183 5505 4427 3989 3989 5862 2
184 5536 3989 3645 4059 4327 1
185 5571 6747 6074 4507 3629 2
186 5599 4375 4029 4009 5660 2
187 5626 3999 5660 5652 4283 1
188 5659 7077 6088 4475 4039 2
189 5684 4355 4019 5842 5652 2
190 5713 3989 5652 5660 6046 1
191 5741 7077 6070 4453 5872 2
192 5767 4383 5832 5842 4059 2
193 5799 5822 4059 4049 4261 1
194 5829 7077 4411 4525 3645 2
195 5864 4399 5832 4009 5660 2
196 5896 4019 4049 4059 4331 1
197 5921 6747 4399 6158 3645 2
198 5950 4355 4019 4019 5660 2
199 5983 3999 4049 4049 6024 1
200 6015 7077 4403 6142 5872 2
201 6050 4405 5832 5832 3629 2
202 6076 4019 5652 4039 4263 1
203 6106 6747 4409 4457 3629 2
204 6141 4429 5822 3989 3629 2
205 6167 3989 3637 4049 4285 1
206 6194 6747 4361 4477 4059 2
207 6220 4351 3989 4029 5660 2
208 6253 5842 5660 5660 4289 1
209 6280 7077 4425 6162 5660 2
210 6312 4397 4029 5812 5652 2
211 6338 3999 3637 5652 4277 1
212 6367 6747 4435 6160 3629 2
213 6393 4385 5832 5812 3637 2
214 6419 5852 5862 3629 4341 1
215 6450 6747 4405 4447 5660 2
216 6475 4357 3999 5812 3629 2
217 6504 5812 4049 4049 4331 1
218 6535 7077 4375 6168 4049 2
219 6568 6090 5852 5842 3629 2
220 6593 5822 3629 3637 4311 1
221 6623 7077 4407 6160 4039 2
222 6658 4383 5842 5832 3637 2
223 6687 4029 3645 5652 6048 1
224 6713 6747 4411 6136 5652 2
225 6747 4403 5852 5842 5660 2
226 6772 5822 5660 4039 4265 1
227 6799 6747 4399 4449 5660 2
228 6829 4373 5842 5832 4039 2
229 6862 4019 5652 4039 4261 1
230 6896 6747 4351 4519 3637 2
231 6924 4433 4009 5832 5652 2
232 6956 4009 4049 5862 4283 1
233 6991 7077 4361 4479 3637 2
234 7023 4355 5832 5812 5872 2
235 7053 5832 4049 4049 4285 1
236 7081 7077 4381 6168 3645 2
237 7106 4399 4029 3989 5862 2
238 7138 4019 3645 5872 4335 1
239 7164 6747 4427 4485 3645 2
240 7189 6084 4029 3999 4049 2
241 7216 5852 3645 4039 4293 1
242 7247 6747 4361 4449 5652 2
243 7274 4403 5832 5852 3645 2
244 7305 4019 5862 4039 6036 1
245 7330 6747 4379 4517 4039 2
246 7357 4405 3999 5842 4059 2
247 7383 5842 5652 4049 6042 1
248 7408 6747 6092 6566 4049 2
249 7436 4375 4019 5822 5862 2
250 7467 5852 5660 3629 6036 1
251 7501 6747 4397 4493 4039 2
252 7531 4397 3999 5822 5872 2
253 7562 5842 3637 5862 4337 1
254 7588 7077 4431 4499 5652 2
255 7622 4361 5812 4009 5862 2
256 7649 4029 4049 5660 4339 1
257 7684 7077 4383 6132 4059 2
258 7716 4397 4009 5842 5660 2
259 7742 5852 5660 5652 6026 1
260 7770 7077 4357 4521 4049 2
261 7803 6086 5832 5842 3637 2
262 7831 4019 4049 4039 4311 1
263 7858 6747 4399 4475 3645 2
264 7883 6072 5822 3989 5862 2
265 7912 3989 5652 5862 6040 1
266 7947 7077 4373 6142 5652 2
267 7976 4359 5842 3999 3637 2
268 8004 4029 5862 4049 4335 1
269 8031 7077 4423 4471 5862 2
270 8057 4429 5812 4019 4039 2
271 8088 5832 3637 5872 4315 1
272 8123 7077 4409 6156 3637 2
273 8149 4403 5822 4009 3629 2
274 8176 5822 5872 5872 4263 1
275 8205 7077 6090 6158 4049 2
276 8231 6066 4009 3999 3629 2
277 8259 3989 5652 5872 4263 1
278 8287 6747 6096 6146 3645 2
279 8317 6066 3989 3989 4039 2
280 8346 4009 5652 4049 4333 1
281 8374 7077 4377 6566 3629 2
282 8400 6070 4019 4019 3637 2
283 8430 5812 3629 5862 4301 1
284 8461 7077 4363 4517 3645 2
285 8488 6094 5812 3999 5872 2
286 8519 5832 5652 4059 4311 1
287 8553 6747 4409 4507 4049 2
288 8582 4373 4009 4009 3645 2
289 8613 5842 4049 5872 4333 1
290 8642 7077 6074 4501 4049 2
291 8669 4423 3999 4019 4049 2
292 8702 5852 5872 4059 4279 1
293 8732 6747 4357 6170 3637 2
294 8763 6062 5852 4019 3645 2
295 8791 4029 3629 5652 4255 1
296 8819 7077 4405 4527 4039 2
297 8849 4375 5852 4019 4039 2
298 8883 4029 5862 3637 6042 1
299 8909 6747 4377 4449 4049 2
300 8936 6086 5812 5842 5872 2
301 8963 4019 3629 4049 6040 1
302 8993 6747 4349 6144 3637 2
303 9027 4427 3989 5822 3629 2
304 9061 5842 5872 5872 4293 1
305 9096 7077 4403 4485 5862 2
306 9131 4385 4009 4019 3629 2
307 9162 3999 5660 3629 4315 1
308 9189 6747 4409 6142 4049 2
309 9215 4355 3989 3989 3645 2
310 9248 5822 5660 5652 6014 1
311 9278 6747 4431 4457 4049 2
312 9312 6092 5832 5842 4039 2
313 9341 5812 3645 4039 6044 1
314 9366 6747 4377 6144 3645 2
315 9397 4351 5852 4029 5652 2
316 9430 5832 5660 4039 4257 1
317 9463 6747 6094 4469 5660 2
318 9489 4387 3999 5812 5872 2
319 9521 4029 4039 4049 4305 1
320 9556 6747 6092 4493 3629 2
321 9588 4361 3989 5832 4059 2
322 9620 5812 4059 5872 4267 1
323 9654 7077 6094 6160 5660 2
324 9683 4385 3999 3999 4059 2
325 9712 5832 4039 3629 6026 1
326 9737 6747 4403 4483 3645 2
327 9770 4351 5812 5822 3629 2
328 9801 4009 3645 4039 4261 1
329 9834 7077 4407 6138 4059 2
330 9862 6064 4009 4029 5862 2
331 9892 5852 5652 5872 4341 1
332 9917 6747 4435 4485 4039 2
333 9942 4359 5842 5812 5652 2
334 9968 5842 5660 3645 4263 1
335 9995 7077 6088 4471 4049 2
336 10022 6088 3999 3999 3629 2
337 10057 4019 5872 3629 4281 1
338 10086 6747 4421 4505 5872 2
339 10118 4437 4029 5812 5660 2
340 10151 4029 4049 5862 4263 1
341 10181 6747 4411 6564 4049 2
342 10209 4375 5842 5852 4049 2
343 10241 5822 4059 5652 4307 1
344 10273 7077 4397 4469 5862 2
345 10298 4403 4019 5812 3637 2
346 10323 4019 5862 3637 4255 1
347 10356 6747 4353 4479 3645 2
348 10388 4437 5822 4019 5652 2
349 10413 4019 4059 5862 6022 1
350 10439 7077 4357 6158 5862 2
351 10472 4381 5842 5852 4039 2
352 10502 4009 4049 4039 4267 1
353 10537 7077 4431 4471 5652 2
354 10567 6066 3999 3999 3645 2
355 10596 3999 5862 5660 6048 1
356 10630 7077 4399 4459 4039 2
357 10655 6092 4009 5832 5660 2
358 10686 5852 5872 4049 6048 1
359 10716 6747 6074 4485 3645 2
360 10743 4399 5812 5852 5872 2
361 10777 5842 4039 3645 4309 1
362 10812 6747 6072 4507 5660 2
363 10845 6074 4009 5832 4059 2
364 10880 5832 3645 5872 6042 1
365 10914 7077 6070 4447 3645 2
366 10943 4389 5852 4009 5660 2
367 10969 4009 5872 5862 4255 1
368 11000 7077 6084 6566 5660 2
369 11029 4433 5852 5812 4059 2
370 11062 3989 4059 3645 4293 1
371 11088 7077 4351 4499 5872 2
372 11114 6092 5852 3989 4049 2
373 11143 4019 5872 5660 4331 1
374 11174 6747 6068 6164 5660 2
375 11202 6070 5842 4009 3645 2
376 11235 4009 4049 5872 4307 1
377 11264 7077 4427 4473 5660 2
378 11297 4437 5842 5842 5872 2
379 11328 4009 3645 5652 4285 1
380 11362 7077 4397 6136 5660 2
381 11397 6084 5832 5812 5872 2
382 11423 4009 5862 5652 4339 1
383 11449 6747 4381 4477 4039 2
384 11482 4359 5852 4009 5872 2
385 11513 4009 5660 5872 4315 1
386 11540 7077 6072 6170 5862 2
387 11565 4427 3999 5822 4049 2
388 11590 5842 5872 3637 4253 1
389 11619 6747 6074 4449 4059 2
390 11652 6072 4019 5822 5652 2
391 11678 5832 5652 3629 6046 1
392 11710 7077 4381 4499 3645 2
393 11739 6090 5812 3999 4059 2
394 11767 3999 4049 3645 4293 1
395 11795 7077 4357 4517 4049 2
396 11823 4437 5832 3999 3637 2
397 11848 3989 3637 4049 4257 1
398 11882 7077 4421 4499 5872 2
399 11910 6062 4019 5832 3629 2
400 11943 5842 4049 5872 6046 1
401 11977 6747 4353 6142 3629 2
402 12004 4353 5822 3999 4059 2
403 12033 3999 4059 4059 4313 1
404 12063 6747 4411 4519 4049 2
405 12098 4377 5842 4019 5660 2
406 12128 5812 5862 4039 4329 1
407 12163 7077 4433 6166 3645 2
408 12198 4359 5822 4019 4039 2
409 12223 5822 5652 5872 4259 1
410 12257 6747 4407 4459 3637 2
411 12290 4437 5842 5812 4049 2
412 12316 5832 5872 4049 4301 1
413 12344 7077 4421 6136 3645 2
414 12379 4429 4029 5832 5872 2
415 12410 3999 5862 4049 4255 1
416 12437 7077 4353 6162 4049 2
417 12472 4431 4029 4019 5862 2
418 12499 3999 3645 5652 4263 1
419 12533 7077 4397 6162 5862 2
420 12565 4379 5842 5812 5862 2
421 12595 5822 3645 5862 6016 1
422 12630 7077 6092 6142 4059 2
423 12660 4385 3999 3999 4059 2
424 12693 4009 3637 3637 4253 1
425 12725 7077 4385 6142 3629 2
426 12754 6074 5852 5852 4049 2
427 12784 3989 3637 5872 6050 1
428 12812 7077 6072 6164 3637 2
429 12839 4355 4009 3989 5660 2
430 12874 5822 4039 4059 4311 1
431 12901 6747 4431 4479 3629 2
432 12928 6088 4029 3989 3645 2
433 12955 5812 3637 5652 4253 1
434 12987 6747 4399 6158 3637 2
435 13019 4403 5832 4019 4049 2
436 13052 5852 4049 4049 6014 1
437 13078 6747 6094 4529 3637 2
438 13113 4437 5832 4009 3645 2
439 13138 5842 3629 5652 6042 1
440 13168 6747 4351 6156 3645 2
441 13203 4401 3989 4019 4059 2
442 13238 5812 3629 5652 6018 1
443 13264 6747 6072 4499 5660 2
444 13292 4411 5822 5812 3629 2
445 13321 5852 4049 3629 4265 1
446 13356 7077 4421 4475 5660 2
447 13383 4435 5852 5812 4059 2
448 13411 4029 5652 5872 4283 1
449 13438 7077 6074 6158 4049 2
450 13464 4373 5842 4029 5660 2
451 13497 5832 3645 3629 6040 1
452 13529 6747 4425 6162 4039 2
453 13557 6094 5812 5852 4049 2
454 13589 5852 3629 3629 4307 1
455 13616 6747 4375 4523 5660 2
456 13648 4353 5822 5822 4039 2
457 13681 5812 4039 3645 4327 1
458 13710 7077 4407 4517 3637 2
459 13737 4375 5842 4009 4059 2
460 13764 4029 3645 5660 4307 1
461 13794 6747 4359 4455 3645 2
462 13819 6064 4019 3999 3645 2
463 13849 5842 3629 4049 4339 1
464 13881 6747 4407 4495 3637 2
465 13913 4381 5822 4029 3645 2
466 13938 3989 5652 5652 6012 1
467 13968 6747 4433 4459 5652 2
468 14000 6070 3999 5812 4049 2
469 14033 5842 3637 5862 4285 1
470 14065 6747 6066 6132 5872 2
471 14092 4435 5812 5812 5652 2
472 14122 4009 3637 4049 6046 1
473 14152 6747 4359 4485 5862 2
474 14186 4397 4029 5842 5652 2
475 14220 4019 5652 3645 4285 1
476 14245 6747 4389 4497 3629 2
477 14278 4383 4019 5812 3629 2
478 14309 4019 3645 5872 4325 1
479 14339 7077 6062 4499 4039 2
480 14371 4353 4029 5842 3629 2
481 14404 4009 5862 4049 4253 1
482 14429 6747 6084 4495 4049 2
483 14455 4409 4009 5812 5660 2
484 14480 5852 5872 4049 6020 1
485 14514 7077 4411 4525 3645 2
486 14546 4351 3989 5812 4049 2
487 14579 5822 5652 5660 4277 1
488 14610 6747 6072 6166 5660 2
489 14637 4411 4019 5832 5652 2
490 14667 5812 5872 4049 4255 1
491 14695 6747 4421 4503 5872 2
492 14729 4423 4009 4009 4049 2
493 14763 5812 3645 5652 4307 1
494 14789 6747 6070 6160 5872 2
495 14814 6096 5852 5832 3637 2
496 14847 5832 3645 5862 6040 1
497 14877 6747 6070 6146 5660 2
498 14903 6072 5852 5842 3629 2
499 14929 4009 5872 5660 4337 1
500 14955 6747 4427 4455 3629 2
501 14987 6092 5842 3989 5872 2
502 15019 5822 3637 5652 4255 1
503 15051 7077 6098 4471 4039 2
504 15076 6066 5812 5842 3637 2
505 15108 3989 4059 3637 6040 1
506 15133 6747 4389 6164 5862 2
507 15159 6088 3999 3989 5652 2
508 15190 3999 5660 3637 6016 1
509 15215 6747 6088 4527 4049 2
510 15250 6062 5852 4009 5660 2
511 15277 4029 3637 5652 4281 1
512 15304 7077 4421 6158 3645 2
513 15337 4435 4019 5822 5660 2
514 15372 5822 5660 4059 4331 1
515 15403 6747 4437 4501 5660 2
516 15431 4381 4029 5822 4039 2
517 15463 4029 3645 4049 4337 1
518 15488 7077 4359 6140 3629 2
519 15519 6064 4009 5822 5872 2
520 15545 4029 4059 4059 6050 1
521 15578 6747 4357 6164 3629 2
522 15610 4373 4009 4029 5862 2
523 15635 5852 5872 5872 4301 1
524 15661 7077 4431 4475 4059 2
525 15690 6084 5822 4009 4059 2
526 15724 5812 3645 3629 4301 1
527 15752 6747 4399 4497 4059 2
528 15779 4405 4029 4009 4049 2
529 15813 4009 5862 4059 6026 1
530 15838 7077 4433 4529 3629 2
531 15869 4421 4009 3999 5660 2
532 15897 4009 3637 3645 6044 1
533 15922 6747 4397 6168 3637 2
534 15947 6088 4019 4009 3637 2
535 15978 5842 3645 3645 4311 1
536 16003 6747 6060 4451 5652 2
537 16037 6084 5852 5852 5660 2
538 16064 4029 3645 3629 6038 1
539 16095 6747 4429 6136 4059 2
540 16124 4353 4009 5822 5862 2
541 16149 5812 5652 3629 4265 1
542 16184 6747 4383 4451 3637 2
543 16210 4409 4019 5832 4059 2
544 16242 5842 5872 4039 4267 1
545 16271 6747 4433 4485 5660 2
546 16298 4429 3989 4009 3637 2
547 16332 5822 5862 3637 4301 1
548 16358 7077 4381 4521 4039 2
549 16386 4429 5852 5812 4059 2
550 16418 3989 3645 5862 4265 1
551 16450 6747 4427 6162 4039 2
552 16482 4387 5842 5822 5872 2
553 16508 5842 3645 5652 6044 1
554 16539 6747 4359 4519 4059 2
555 16574 6070 4029 5822 4059 2
556 16599 5822 3629 4059 4277 1
557 16624 7077 4375 6566 3629 2
558 16656 4429 5822 4009 4059 2
559 16681 4019 4059 5862 4331 1
560 16716 7077 4435 6132 5660 2
561 16745 4387 3989 4029 5872 2
562 16777 4019 5872 3629 4337 1
563 16809 6747 6062 4477 5652 2
564 16837 4427 4009 5822 5652 2
565 16866 3999 5652 4049 4329 1
566 16891 7077 4397 4469 4049 2
567 16924 4403 4009 3999 3629 2
568 16957 4029 5872 3637 4333 1
569 16989 7077 4397 4517 3629 2
570 17018 4387 3989 3989 3629 2
571 17052 4029 5652 5872 4311 1
572 17085 6747 6090 4497 3629 2
573 17117 4405 4019 3989 4049 2
574 17143 5812 4049 5660 4333 1
575 17177 6747 6096 4497 3629 2
576 17206 4385 5812 5842 5872 2
577 17238 3989 4059 5660 4337 1
578 17267 6747 4425 6170 4039 2
579 17296 4381 4009 5842 4039 2
580 17329 3989 4039 5660 4331 1
581 17356 6747 6098 4485 5652 2
582 17391 4399 5832 4029 4049 2
583 17417 5812 5660 5872 4333 1
584 17445 6747 6092 6168 5862 2
585 17478 6088 4019 4009 3629 2
586 17513 5822 5660 3637 4257 1
587 17542 7077 6098 4503 5872 2
588 17571 4351 5852 4009 5862 2
589 17596 5832 4059 3637 6018 1
590 17629 6747 6084 6140 3645 2
591 17658 4373 4009 5852 3645 2
592 17687 4019 3629 5862 4309 1
593 17712 6747 4353 4455 4039 2
594 17743 6072 4029 5832 3629 2
595 17769 5852 3637 5652 4263 1
596 17802 7077 4405 4497 5872 2
597 17834 4355 4009 4009 5660 2
598 17867 5832 4059 5660 6046 1
599 17899 7077 4399 4527 3637 2
600 17931 6066 4029 5832 3637 2
601 17957 5852 5652 5660 4313 1
602 17987 6747 4411 4485 3645 2
603 18013 6070 5812 3999 5872 2
604 18042 5812 4059 4059 6046 1
605 18071 7077 4437 4445 3629 2
606 18100 4403 4019 5832 5872 2
607 18125 3999 5652 4049 4253 1
608 18154 6747 6086 4473 3645 2
609 18186 4353 3999 5832 4059 2
610 18213 5822 5872 5652 4305 1
611 18243 7077 4355 4449 5660 2
612 18277 4425 5852 5852 4039 2
613 18312 5832 5862 5872 4267 1
614 18344 7077 4409 6564 3629 2
615 18374 4433 5832 5832 4059 2
616 18409 5812 5652 3645 4279 1
617 18443 7077 4349 6170 5652 2
618 18475 4361 4029 3989 4049 2
619 18510 5832 4049 5872 6046 1
620 18536 7077 6098 4469 4049 2
621 18565 4387 4009 4009 3645 2
622 18600 5822 5872 5652 4285 1
623 18629 6747 4381 6134 3645 2
624 18658 4409 5852 4029 5862 2
625 18685 4009 4049 5652 6022 1
626 18718 7077 4379 4469 5862 2
627 18747 4383 5852 4019 3637 2
628 18772 5842 3629 5652 4285 1
629 18799 6747 4361 4503 4049 2
630 18829 4375 5812 4029 5872 2
631 18860 5822 3637 3629 4333 1
632 18888 6747 4349 6158 5660 2
633 18913 6062 3989 4029 3637 2
634 18943 5832 5862 5862 4341 1
635 18978 7077 4389 4517 3629 2
636 19010 4381 4019 5842 5862 2
637 19039 5822 3637 4039 4255 1
638 19074 6747 6098 6170 5872 2
639 19109 6094 4009 5852 4039 2
640 19139 3999 5872 3645 4327 1
641 19173 6747 6094 4527 3637 2
642 19208 6066 5832 4029 3637 2
643 19240 3999 3637 5652 6024 1
644 19270 6747 4379 4469 3637 2
645 19299 6090 5842 4029 5872 2
646 19333 4029 3629 3645 4257 1
647 19363 7077 4375 6132 4049 2
648 19398 4411 3999 5822 4049 2
649 19428 5842 5660 3637 4279 1
650 19462 7077 4383 4505 3645 2
651 19494 6062 5822 4019 3645 2
652 19524 5812 4049 5660 6016 1
653 19553 6747 4381 4455 5652 2
654 19582 4429 3989 4029 5872 2
655 19612 5832 5872 5652 6024 1
656 19640 7077 4349 4471 3629 2
657 19665 4381 5822 5832 3645 2
658 19696 3989 5862 4059 4263 1
659 19723 6747 4423 4457 4049 2
660 19757 4411 5842 3989 4039 2
661 19782 3999 5872 4039 6016 1
662 19815 7077 4405 4479 5872 2
663 19846 4409 5812 4029 5862 2
664 19876 5822 5862 4059 4307 1
665 19904 7077 4435 6146 5652 2
666 19931 4373 5812 5852 5862 2
667 19963 5842 5660 5660 4265 1
668 19990 7077 4375 4517 4049 2
669 20025 6068 3999 3989 4059 2
670 20055 5842 4059 5872 4309 1
671 20090 7077 4373 6134 5862 2
672 20123 6090 5832 5822 5660 2
673 20155 5832 5660 4059 4333 1
674 20186 6747 4435 4455 5652 2
675 20214 6074 5832 3999 4059 2
676 20247 5852 5872 4039 6050 1
677 20277 7077 4349 4475 4059 2
678 20305 4427 3999 5832 3629 2
679 20337 4029 3637 4059 4253 1
680 20367 6747 6084 4525 4039 2
681 20398 6066 5812 4019 4049 2
682 20425 4019 4049 3637 6024 1
683 20458 7077 6092 6162 4059 2
684 20488 4429 5842 5822 5862 2
685 20516 3989 3637 3645 4301 1
686 20546 7077 4431 4469 4049 2
687 20576 6072 5832 5822 4039 2
688 20609 5822 3645 3645 4293 1
689 20637 6747 6088 4529 3645 2
690 20664 4401 4019 3999 4039 2
691 20689 3989 5862 5652 4259 1
692 20714 6747 4353 6160 4039 2
693 20743 4421 5852 4029 3645 2
694 20778 5812 3645 3645 6022 1
695 20812 7077 4433 4495 4039 2
696 20842 4361 5832 3989 3637 2
697 20871 5842 4059 4049 4259 1
698 20905 6747 4403 6170 3645 2
699 20933 4429 4019 5842 5660 2
700 20961 4019 4049 5862 4301 1
701 20988 7077 4403 6138 5862 2
702 21014 6060 4009 5852 4039 2
703 21048 5822 5652 5652 4335 1
704 21078 6747 4379 6162 3637 2
705 21103 6086 3999 5822 4039 2
706 21130 5832 5872 5660 4335 1
707 21163 7077 6084 6156 3629 2
708 21197 6090 4019 5822 4059 2
709 21222 4019 5862 5652 4333 1
710 21251 7077 4409 6138 4059 2
711 21276 6098 5812 5822 3645 2
712 21308 4019 5660 5862 4337 1
713 21342 7077 4399 6144 5872 2
714 21373 4435 4029 4029 4049 2
715 21406 5852 4049 4059 4329 1
716 21441 7077 4399 6140 4039 2
717 21466 4409 3999 3989 4039 2
718 21495 5812 5652 3637 6050 1
719 21528 7077 4355 4497 4059 2
720 21556 6060 3989 3999 4039 2
721 21586 4019 3645 5872 4283 1
722 21617 6747 4385 4501 5652 2
723 21643 6094 5832 5812 4039 2
724 21674 5842 5872 3637 4283 1
725 21700 6747 4431 6168 5652 2
726 21725 6074 4029 3989 4049 2
727 21756 5852 4059 5660 4313 1
728 21782 6747 6068 6132 3629 2
729 21808 4435 5832 5832 4049 2
730 21839 4019 5660 4039 6050 1
731 21871 6747 4429 4483 5652 2
732 21905 4433 4019 5832 5660 2
733 21938 5822 5862 3629 4341 1
734 21973 6747 6068 4481 4059 2
735 22000 4359 5852 5812 3629 2
736 22035 5852 3629 5872 4337 1
737 22060 6747 4431 4477 5660 2
738 22089 6060 5842 3989 5872 2
739 22119 4019 5862 4039 6018 1
740 22149 7077 4425 4519 3629 2
741 22175 4387 5852 4029 3629 2
742 22204 5812 5652 5872 4267 1
743 22237 6747 4353 4447 3637 2
744 22264 4351 4029 3999 4059 2
745 22299 4009 3637 5862 6022 1
746 22324 7077 6098 4517 5872 2
747 22353 4351 4029 4009 5862 2
748 22383 3999 5862 4059 6050 1
749 22409 6747 4363 4527 4059 2
750 22443 4359 5842 4009 4049 2
751 22476 4029 3645 3645 4335 1
752 22510 6747 6090 4481 5660 2
753 22538 6074 4019 4009 5872 2
754 22573 5822 3637 5872 6044 1
755 22606 6747 4381 4479 5862 2
756 22638 6074 5842 4009 4059 2
757 22663 3999 4039 5872 6018 1
758 22693 6747 4353 4505 4039 2
759 22727 4421 4009 4009 3629 2
760 22753 3989 3645 5862 4255 1
761 22784 7077 4401 6166 4049 2
762 22815 4433 5842 4019 5652 2
763 22845 5842 4049 3637 4333 1
764 22875 7077 4351 4529 3645 2
765 22901 4387 5842 4029 4049 2
766 22930 4019 3637 5652 6018 1
767 22962 6747 4377 6156 4039 2
768 22993 4409 5852 5842 3629 2
769 23019 5832 3645 4039 4291 1
770 23050 7077 6084 6566 4039 2
771 23075 4373 5852 5842 5872 2
772 23104 4029 3645 5862 4293 1
773 23132 6747 4357 4447 3645 2
774 23166 6060 4019 5852 4049 2
775 23194 5822 4059 4049 4261 1
776 23225 6747 4397 4521 3629 2
777 23255 6074 5832 3989 4039 2
778 23281 4029 5652 3629 4289 1
779 23311 6747 6072 4497 3629 2
780 23345 4425 4029 4029 5660 2
781 23372 3999 5660 5862 6038 1
782 23400 6747 4389 4449 5862 2
783 23429 4435 4019 5852 5862 2
784 23460 4019 3637 5862 6044 1
785 23486 6747 6092 4493 4049 2
786 23521 6090 5812 5812 3629 2
787 23554 4019 5862 4049 4283 1
788 23584 7077 6094 4455 5660 2
789 23617 6068 5852 5832 5872 2
790 23642 3989 4049 3629 4339 1
791 23669 6747 4425 4473 4059 2
792 23701 6066 4019 5842 5862 2
793 23726 4009 5872 5660 4313 1
794 23752 6747 6062 4479 4059 2
795 23779 6094 5842 4019 4059 2
796 23813 4019 3637 5660 4307 1
797 23847 6747 4359 6144 5660 2
798 23881 4361 4029 5822 3645 2
799 23908 5842 3645 4049 6040 1
800 23941 6747 4403 6164 3629 2
801 23967 4427 4009 5822 4049 2
802 23992 4029 4049 3645 6036 1
803 24017 7077 6064 6162 5862 2
804 24044 4373 4009 5842 3637 2
805 24077 4019 5872 3645 4309 1
806 24110 6747 4385 4479 5660 2
807 24144 4353 3999 5832 3637 2
808 24175 3999 5660 5872 4293 1
809 24206 7077 6062 6144 3629 2
810 24240 4425 4029 4019 5652 2
811 24269 4029 4039 5652 6020 1
812 24296 6747 4379 4451 5652 2
813 24323 4427 4029 3989 3637 2
814 24353 5852 5660 5652 4341 1
815 24380 7077 6086 4481 5660 2
816 24407 4359 5852 3989 3637 2
817 24434 5852 5660 5862 6024 1
818 24464 6747 4427 4507 4049 2
819 24489 4361 5812 5842 5660 2
820 24521 5812 5652 5872 4315 1
821 24550 7077 6072 4507 5872 2
822 24583 4385 3999 4029 4039 2
823 24617 4009 5652 3645 4287 1
824 24646 6747 6084 4451 5862 2
825 24675 6060 4009 5832 5872 2
826 24703 5812 5660 4049 6044 1
827 24736 7077 6084 6170 4039 2
828 24764 6060 3989 5822 3637 2
829 24797 3999 5862 4049 4341 1
830 24825 6747 4349 4447 5660 2
831 24851 4427 5842 5822 5862 2
832 24876 3989 4049 5660 4309 1
833 24911 6747 6072 6146 5652 2
834 24940 4379 4019 3999 5652 2
835 24972 5822 3645 5652 4333 1
836 25003 7077 4401 6170 5652 2
837 25030 6070 5832 3989 5652 2
838 25055 3989 3637 3629 4255 1
839 25085 7077 6094 4517 3629 2
840 25115 4361 5832 5832 3645 2
841 25145 5812 3637 4039 4331 1
842 25180 6747 4373 6170 3645 2
843 25208 4397 5812 5822 3637 2
844 25237 4019 3637 4049 4331 1
845 25266 6747 4433 6164 4049 2
846 25296 4387 4029 4019 5652 2
847 25327 4009 3629 5660 6022 1
848 25360 7077 4403 4479 4039 2
849 25387 6092 4009 5822 5652 2
850 25421 5842 3645 3637 4301 1
851 25446 6747 4427 4481 4059 2
852 25476 4397 5832 5842 5872 2
853 25506 5822 3645 5660 6040 1
854 25541 6747 4437 4507 5660 2
855 25575 4381 4029 4029 5660 2
856 25610 5832 4039 4059 6020 1
857 25640 7077 6060 4477 3637 2
858 25668 6060 5812 4019 5652 2
859 25703 5812 4039 3637 6046 1
860 25730 7077 4379 4493 5872 2
861 25756 4427 3989 5832 4049 2
862 25786 3989 5652 4039 4325 1
863 25812 7077 4399 4505 3637 2
864 25840 4437 4009 4019 3637 2
865 25869 4029 5862 5652 4283 1
866 25900 7077 6096 4521 3637 2
867 25932 4405 4019 3989 5652 2
868 25959 5832 3637 3637 4285 1
869 25984 7077 4373 6160 3645 2
870 26009 6098 4019 3989 4059 2
871 26038 5842 5660 3645 4305 1
872 26065 6747 4361 4451 4039 2
873 26094 4431 5822 5812 4039 2
874 26128 5852 5660 4039 4303 1
875 26162 6747 4381 4501 5862 2
876 26189 4407 5842 4019 5862 2
877 26219 4009 3637 3637 6042 1
878 26251 6747 4349 6138 4059 2
879 26278 4361 5812 4029 4059 2
880 26307 3989 3637 4049 4293 1
881 26341 6747 4379 4527 4059 2
882 26367 4381 5832 4019 5872 2
883 26399 3999 4049 4039 4259 1
884 26431 6747 6068 4519 3629 2
885 26457 6060 5852 3989 5652 2
886 26485 3999 5652 5652 6050 1
887 26518 7077 4411 4471 3629 2
888 26547 4359 5852 5832 3637 2
889 26575 5852 5862 4059 6046 1
890 26607 6747 4379 6146 4039 2
891 26639 6074 5842 5852 5862 2
892 26673 5812 4059 4059 4291 1
893 26708 7077 4399 4493 5872 2
894 26741 6092 4029 3999 3645 2
895 26771 5832 3629 5652 4287 1
896 26799 7077 6074 6138 5872 2
897 26825 4373 3989 4029 4059 2
898 26852 4019 3645 5862 6014 1
899 26880 6747 6090 4449 3629 2
900 26912 4377 5822 5822 5652 2
