1 37 3989 4049 5660 4263 1
2 69 7077 6084 6162 5872 2
3 100 4351 4009 3989 3629 2
4 139 5852 5652 3645 4293 1
5 173 6747 4377 4507 4049 2
6 205 6092 3999 5812 3629 2
7 242 3999 4059 5872 4303 1
8 273 7077 4407 6164 4059 2
9 310 4363 4029 4019 3637 2
10 348 5812 5652 3637 4313 1
11 388 7077 4381 4517 4039 2
12 423 4373 5822 3989 5862 2
13 461 4009 3629 3629 4281 1
14 500 7077 6088 4521 3637 2
15 532 4435 5832 5852 5862 2
16 568 4029 4039 5660 6048 1
17 606 6747 4361 4455 4059 2
18 640 6098 4009 5822 4049 2
19 675 5822 5660 5862 4305 1
20 713 6747 4383 6144 4049 2
21 744 4381 4019 4029 3629 2
22 782 3989 4059 4049 6024 1
23 812 7077 6094 4495 5660 2
24 848 4401 5822 3999 5660 2
25 888 3989 3645 4039 6050 1
26 921 6747 4397 6136 4039 2
27 957 4383 5822 4009 3629 2
28 997 5832 4049 4049 4327 1
29 1036 6747 6096 4481 3629 2
30 1070 4373 5812 4029 3629 2
31 1105 5812 5660 3629 4253 1
32 1143 7077 4431 4517 3629 2
33 1177 4383 5812 3999 4049 2
34 1213 3999 3637 5660 6040 1
35 1245 6747 6086 4503 4039 2
36 1285 6060 5832 4019 5652 2
37 1325 4029 5652 4039 4263 1
38 1360 6747 6064 4447 3637 2
39 1400 4401 5852 5852 5660 2
40 1439 5832 3629 5872 4327 1
41 1471 6747 4389 4445 5652 2
42 1508 6084 4009 4019 5872 2
43 1548 3989 4049 4039 6046 1
44 1585 7077 4377 4483 4049 2
45 1623 4407 3989 5832 4059 2
46 1662 5832 3637 4039 4259 1
47 1694 7077 4377 6166 4059 2
48 1724 6060 4009 5852 4059 2
49 1763 3989 5872 5660 4259 1
50 1799 7077 6066 4475 5652 2
51 1835 4353 5822 4029 4039 2
52 1870 4019 4049 4049 4263 1
53 1902 6747 4359 4453 4049 2
54 1940 4427 5832 4019 5872 2
55 1978 5842 4049 4049 6026 1
56 2015 6747 4431 4485 4049 2
57 2047 6092 4019 4029 5652 2
58 2084 5812 3645 4049 4329 1
59 2114 6747 4427 4485 3629 2
60 2147 6098 5822 3999 3629 2
61 2182 5832 5872 4059 4261 1
62 2215 7077 6086 4499 3629 2
63 2253 4357 5842 5812 4059 2
64 2293 4019 3629 4049 6050 1
65 2331 7077 4401 4445 5652 2
66 2371 6064 5812 4029 5652 2
67 2409 4019 3637 3645 4277 1
68 2439 6747 4409 4503 4039 2
69 2478 4421 3999 5832 5862 2
70 2516 3989 4049 4059 4305 1
71 2549 7077 4397 4503 3629 2
72 2584 4425 5852 3989 3645 2
73 2621 5822 5872 3637 4281 1
74 2654 6747 4425 4529 4059 2
75 2688 4421 5842 5852 5862 2
76 2725 5832 3629 4049 4331 1
77 2764 6747 4425 4529 5872 2
78 2804 4427 5812 5852 4049 2
79 2841 3999 3645 5660 4331 1
80 2872 6747 4379 4477 3629 2
81 2908 4363 4029 4019 5862 2
82 2948 5832 5872 3629 4307 1
83 2981 7077 6070 4473 3629 2
84 3019 6074 5812 4029 3637 2
85 3058 5832 5652 4059 4301 1
86 3090 7077 6064 4459 3645 2
87 3126 4403 5822 5832 5652 2
88 3162 5822 5652 5862 4265 1
89 3201 7077 4361 4507 4049 2
90 3233 4385 5832 5842 3637 2
91 3271 4009 5652 5660 4315 1
92 3303 6747 6092 4481 5652 2
93 3341 4355 4019 3989 4059 2
94 3377 5812 3637 4059 6044 1
95 3414 6747 6098 6146 4039 2
96 3447 4403 3989 5852 4049 2
97 3486 5832 4049 3645 4267 1
98 3522 7077 4353 4503 4059 2
99 3559 4429 5812 3989 4059 2
100 3596 4019 5872 5862 4279 1
101 3634 6747 6064 6158 4059 2
102 3671 4357 3989 4009 4059 2
103 3709 4019 5862 3645 6050 1
104 3743 7077 6090 4525 4059 2
105 3782 4385 3999 3989 5660 2
106 3820 5842 3645 4059 4283 1
107 3852 7077 4383 6140 3645 2
108 3882 6086 5832 5822 4039 2
109 3920 3999 3629 3637 6036 1
110 3957 7077 4437 4469 5660 2
111 3991 4379 4009 5832 4049 2
112 4031 5852 5872 4039 6024 1
113 4066 6747 4423 4499 5872 2
114 4104 4403 4009 3989 4059 2
115 4142 4029 3645 4039 4277 1
116 4175 7077 6072 4479 3629 2
117 4210 4381 5822 5812 5862 2
118 4250 3989 5660 5660 4325 1
119 4280 7077 4411 6140 3629 2
120 4317 6098 4029 4009 4039 2
121 4357 5842 5872 3629 6014 1
122 4388 7077 4375 4453 5862 2
123 4428 4437 4009 4009 4059 2
124 4463 5822 3637 5862 4255 1
125 4493 6747 4375 4479 4059 2
126 4530 4355 5822 5832 5862 2
127 4570 4029 4049 5862 4287 1
128 4610 6747 4355 4451 5652 2
129 4642 4409 5842 3999 5660 2
130 4678 4009 4039 5862 4261 1
131 4713 7077 6072 4455 3645 2
132 4745 4389 5832 5822 3645 2
133 4783 5852 4059 3637 4315 1
134 4816 6747 4397 4455 5862 2
135 4849 4375 3989 5832 5872 2
136 4886 5812 5862 3645 4289 1
137 4916 6747 6062 4459 5862 2
138 4953 4437 5842 5822 4039 2
139 4988 5852 4059 5652 4263 1
140 5023 6747 4379 4517 3637 2
141 5054 6068 4009 5842 4039 2
142 5090 5852 5872 5872 4293 1
143 5130 6747 4403 4479 3629 2
144 5164 4399 3999 5812 4049 2
145 5203 5832 5660 5652 4261 1
146 5241 7077 4397 4505 5872 2
147 5271 4357 5842 5842 5872 2
148 5307 4029 3629 4039 6014 1
149 5339 6747 4359 6142 5652 2
150 5369 4361 3989 5832 3629 2
151 5408 5822 5652 3645 6026 1
152 5448 7077 6094 6140 5660 2
153 5486 4379 4019 5832 5872 2
154 5522 5852 3629 5652 4335 1
155 5554 6747 6094 4481 5862 2
156 5594 4435 3999 5852 3629 2
157 5633 4009 4049 3645 4333 1
158 5665 7077 4403 6564 4049 2
159 5702 4361 5812 5842 4059 2
160 5739 4009 3637 4049 4329 1
161 5771 6747 6088 4507 3645 2
162 5810 4409 5822 5842 3629 2
163 5846 5812 5652 3629 4329 1
164 5877 7077 4377 4529 5652 2
165 5912 4389 4019 5832 4049 2
166 5948 5832 3637 5652 6026 1
167 5981 6747 6084 4477 5862 2
168 6020 4423 4019 4019 5872 2
169 6059 5812 3629 4059 4265 1
170 6098 6747 6074 6134 4049 2
171 6135 4387 3989 4029 3645 2
172 6174 3989 4039 3629 4307 1
173 6214 6747 4423 4501 4039 2
174 6247 6094 5832 3999 5652 2
175 6285 5822 5862 3637 6012 1
176 6320 6747 4377 4529 5660 2
177 6359 4423 5852 3999 5862 2
178 6395 5832 5872 5652 4261 1
179 6425 6747 4353 4471 4039 2
180 6464 4363 5812 5832 4059 2
181 6504 3989 3637 3645 4301 1
182 6534 7077 6084 6156 5872 2
183 6564 4351 3989 4029 5660 2
184 6603 3999 3629 3645 4325 1
185 6640 7077 4389 6566 5652 2
186 6672 6062 4019 5832 4049 2
187 6709 5832 5872 3629 4281 1
188 6740 6747 6098 4497 3637 2
189 6780 4423 3999 5812 4059 2
190 6815 3989 3629 3645 6012 1
191 6854 7077 4403 6158 5872 2
192 6893 4399 5812 5812 5872 2
193 6930 4029 3637 5652 4261 1
194 6960 7077 4399 6156 4059 2
195 6995 4433 4029 3989 3629 2
196 7032 3999 3645 5652 4309 1
197 7068 6747 4359 4485 5872 2
198 7100 4411 3989 4019 5660 2
199 7136 3989 4039 4049 4291 1
200 7171 7077 4411 4479 5862 2
201 7211 4405 5822 5822 5872 2
202 7248 5822 3637 3629 4293 1
203 7288 6747 6092 6162 4059 2
204 7320 4349 3999 3989 3645 2
205 7356 4019 3637 5872 6042 1
206 7387 6747 4411 6164 5862 2
207 7419 4435 5842 5832 3637 2
208 7455 3989 4059 3637 4279 1
209 7491 7077 4363 4485 4059 2
210 7526 4377 5822 4019 5660 2
211 7566 5822 4049 3637 4257 1
212 7600 7077 6090 6156 5652 2
213 7634 4351 5852 5842 5652 2
214 7669 5822 4049 3629 6048 1
215 7704 6747 4431 4521 5652 2
216 7744 4353 5852 4019 4059 2
217 7783 4019 5862 4039 4329 1
218 7820 7077 6094 6566 3637 2
219 7860 4349 4009 5832 5652 2
220 7900 4019 3645 5652 4315 1
221 7930 6747 4383 4453 5872 2
222 7966 6066 5822 5832 5660 2
223 8006 3999 5872 3645 4311 1
224 8041 7077 4431 6136 4059 2
225 8076 6084 5842 3999 4059 2
226 8113 3999 4039 5862 6050 1
227 8148 6747 4405 4497 5862 2
228 8180 4405 3999 4029 4039 2
229 8219 5842 3645 5652 6012 1
230 8256 7077 4375 6138 4039 2
231 8290 4381 4019 5842 4059 2
232 8329 4019 3629 5872 6024 1
233 8368 7077 6068 4501 4039 2
234 8404 4385 5822 3989 4039 2
235 8444 3999 5652 4049 4253 1
236 8481 6747 4363 6132 5652 2
237 8516 4353 5822 5842 4049 2
238 8553 5842 4059 3629 4291 1
239 8587 7077 6072 6164 5660 2
240 8625 4349 5842 5852 3645 2
241 8664 5832 5862 5872 4303 1
242 8698 6747 6090 4449 4049 2
243 8731 4363 4019 4019 5660 2
244 8766 4019 3645 3637 4285 1
245 8802 7077 4435 4493 5660 2
246 8835 4389 5842 5842 4059 2
247 8875 5852 4059 4039 6022 1
248 8906 7077 4373 6162 3629 2
249 8946 4349 4019 5822 4049 2
250 8985 4019 5872 4039 4325 1
251 9020 7077 6098 6158 5652 2
252 9051 6072 3989 3989 5652 2
253 9091 5852 5862 4039 4287 1
254 9122 6747 4407 6168 5872 2
255 9155 4421 5832 4009 4059 2
256 9194 4019 3629 3629 4257 1
257 9229 7077 6062 6134 4049 2
258 9266 6088 5842 5822 5862 2
259 9302 5852 3637 5660 4341 1
260 9341 6747 4399 6156 3637 2
261 9373 4409 5832 5812 4049 2
262 9409 5822 4049 5660 6024 1
263 9447 6747 6084 6564 5660 2
264 9486 4427 3989 4009 5660 2
265 9522 3999 5652 5660 4339 1
266 9559 6747 4387 4483 4039 2
267 9592 4425 4029 5822 4059 2
268 9627 5842 4039 5862 4267 1
269 9661 6747 4435 4477 4049 2
270 9701 4399 4029 4019 5872 2
271 9736 5832 4049 5660 6040 1
272 9770 6747 4379 6566 5862 2
273 9805 4399 4009 5852 4039 2
274 9843 3989 3637 4039 4305 1
275 9877 7077 4433 4455 4059 2
276 9911 6066 5832 5812 4039 2
277 9950 5842 5862 5872 4329 1
278 9982 7077 6090 4495 4059 2
279 10018 4405 5852 5822 3645 2
280 10054 5832 3637 4059 4259 1
281 10087 6747 4381 4451 5652 2
282 10126 4405 4029 3999 5872 2
283 10161 5852 5660 3645 6016 1
284 10200 7077 4377 6136 3629 2
285 10240 4421 5822 3999 3637 2
286 10279 4009 3645 3637 6020 1
287 10314 7077 6072 6160 4059 2
288 10350 6086 5842 4009 3637 2
289 10385 3989 5660 3645 4339 1
290 10424 7077 6088 4501 5862 2
291 10459 4389 5842 5832 3629 2
292 10498 5852 4059 5872 4259 1
293 10532 6747 6098 4481 4049 2
294 10564 4361 3999 5832 4049 2
295 10600 5812 4039 4059 6036 1
296 10637 7077 6096 6166 4059 2
297 10674 4353 5842 3999 4059 2
298 10710 5832 3637 3645 4277 1
299 10744 6747 4353 6566 5862 2
300 10779 4349 4019 5852 4059 2
301 10816 5832 3629 4049 4301 1
302 10852 6747 4433 6162 3645 2
303 10883 6074 5842 4019 5872 2
304 10920 3989 5660 5872 4313 1
305 10958 6747 4411 6564 5872 2
306 10997 6064 3989 5822 5660 2
307 11035 4019 3645 5872 6012 1
308 11067 7077 6066 4481 4039 2
309 11106 4355 3999 5852 5660 2
310 11141 3999 3629 4049 4311 1
311 11176 7077 4351 4473 5660 2
312 11215 6094 5812 3999 5872 2
313 11253 5832 3629 5652 4305 1
314 11288 6747 4355 6160 5872 2
315 11319 4389 4029 5832 3629 2
316 11355 3989 5872 3629 4331 1
317 11386 7077 6086 4451 5872 2
318 11423 4359 4029 5832 5862 2
319 11460 3989 3645 4049 4307 1
320 11490 7077 4389 4499 5862 2
321 11524 4355 5812 3999 4059 2
322 11564 4009 5872 5872 4309 1
323 11599 7077 4401 4501 5862 2
324 11637 4399 4029 4009 4059 2
325 11674 5812 5660 5652 4305 1
326 11707 6747 6072 6132 3645 2
327 11740 4379 5812 3999 5872 2
328 11778 4029 4039 3637 6026 1
329 11814 6747 6064 6140 4059 2
330 11846 4409 5832 5812 4059 2
331 11886 5832 4039 5652 4325 1
332 11920 6747 4353 4479 5862 2
333 11960 4375 4009 5822 5872 2
334 11998 5822 4039 4039 6014 1
335 12035 7077 4381 4477 3637 2
336 12069 6096 5812 5812 4049 2
337 12104 3989 3637 4039 6036 1
338 12143 7077 6086 6144 5660 2
339 12177 4357 5822 5812 5652 2
340 12217 4009 3645 4039 4267 1
341 12251 6747 4429 4481 5862 2
342 12286 4389 3999 4009 4059 2
343 12322 4029 3645 3629 4339 1
344 12362 6747 4433 6168 5660 2
345 12398 4431 3989 4019 3637 2
346 12435 5822 3637 3645 4291 1
347 12473 6747 4375 4483 3645 2
348 12505 6070 5832 4029 3637 2
349 12544 3989 3629 4059 4261 1
350 12578 7077 4399 4459 4059 2
351 12609 4351 3999 5852 5660 2
352 12644 5822 3637 5872 4281 1
353 12684 6747 4403 4453 4059 2
354 12714 4397 3989 5842 4039 2
355 12751 3989 5872 5652 6046 1
356 12788 6747 6074 4453 3637 2
357 12820 4355 5842 3999 4039 2
358 12859 4029 5660 5652 4331 1
359 12893 7077 4405 4447 4049 2
360 12925 4423 5852 3989 4059 2
361 12963 3999 3645 3629 6038 1
362 12995 6747 6088 4485 5652 2
363 13033 6070 5812 4009 5862 2
364 13069 5832 5872 3637 6046 1
365 13106 7077 6084 6140 5660 2
366 13142 4359 4019 3989 5660 2
367 13177 3989 5872 4059 6050 1
368 13212 7077 4409 4523 5862 2
369 13244 4353 4009 4019 5660 2
370 13279 5852 5652 5862 4289 1
371 13312 6747 4389 4521 4059 2
372 13352 4375 5812 3989 5652 2
373 13389 4019 4049 4039 6022 1
374 13422 7077 4399 6168 5652 2
375 13461 4411 5832 3999 5862 2
376 13498 5832 4059 5652 6018 1
377 13534 7077 4429 6136 5862 2
378 13565 4433 4009 4029 3645 2
379 13604 3999 4049 3629 4311 1
380 13642 7077 6072 4479 3645 2
381 13672 4375 5842 3999 3637 2
382 13709 3989 5660 3629 4283 1
383 13748 7077 4405 6156 4049 2
384 13778 4431 4029 5842 5862 2
385 13815 3989 4059 4059 6040 1
386 13848 7077 6084 4495 4039 2
387 13887 6096 5852 3989 3637 2
388 13926 4029 5660 3629 6040 1
389 13966 7077 4425 6162 5660 2
390 14003 4433 5832 5822 4049 2
391 14038 4019 5652 3629 4341 1
392 14076 6747 6074 6564 4039 2
393 14111 6092 4009 4029 3629 2
394 14147 4009 3637 4039 4267 1
395 14182 6747 4363 4485 4049 2
396 14214 4353 4029 3989 3645 2
397 14253 5832 4059 4049 4341 1
398 14289 6747 4387 4477 4039 2
399 14320 4429 3999 5842 5652 2
400 14357 4009 5872 5652 4339 1
401 14395 6747 4355 6156 5652 2
402 14434 6068 4029 4029 5872 2
403 14474 5822 5652 5872 4261 1
404 14513 6747 4381 6144 5862 2
405 14546 4403 4029 3999 5872 2
406 14586 4029 3637 5660 6022 1
407 14621 7077 6068 4485 5872 2
408 14654 4363 4029 5812 5872 2
409 14691 4029 3629 3645 4331 1
410 14725 7077 6062 6164 4049 2
411 14764 4357 5812 5842 3645 2
412 14804 4009 5652 4059 4265 1
413 14844 7077 4397 6564 5872 2
414 14879 6074 4029 3989 5862 2
415 14916 5832 5872 3637 6036 1
416 14955 7077 4381 4525 4039 2
417 14990 6090 3989 4029 3645 2
418 15027 5832 5872 5660 4263 1
419 15065 7077 4407 6164 5862 2
420 15102 6088 5842 5812 3629 2
421 15137 4009 3645 3637 6044 1
422 15175 6747 6088 4519 4049 2
423 15208 4405 3999 3999 3645 2
424 15247 5812 3645 5862 4315 1
425 15285 7077 4431 4523 5872 2
426 15317 6062 5822 4009 5872 2
427 15353 3989 4049 5660 6042 1
428 15387 6747 6094 6134 4039 2
429 15426 4357 5822 5812 5652 2
430 15461 5842 3637 3637 6020 1
431 15496 7077 4403 4485 4039 2
432 15533 4379 3989 3989 3637 2
433 15568 5812 5652 5660 6040 1
434 15603 6747 4383 6166 4039 2
435 15637 6088 5822 5812 5652 2
436 15673 5842 5652 3629 4263 1
437 15707 7077 4351 6170 4049 2
438 15737 6092 5822 5842 4059 2
439 15775 3989 5652 4059 6020 1
440 15810 6747 6084 4449 3637 2
441 15849 4379 5832 4019 4039 2
442 15889 4029 5872 5660 6012 1
443 15924 6747 4405 6144 5872 2
444 15958 6096 4019 4019 4039 2
445 15995 5822 4049 5872 4289 1
446 16031 6747 4407 4517 3637 2
447 16071 4421 5832 5822 5872 2
448 16108 4009 5872 3629 4327 1
449 16143 7077 4423 4473 4059 2
450 16175 4355 3989 5842 5872 2
451 16211 4029 5862 3629 6050 1
452 16247 6747 4381 6170 4049 2
453 16283 4351 5842 5812 3629 2
454 16322 3999 4059 5862 4281 1
455 16359 7077 4375 4457 5660 2
456 16395 4437 4029 4009 5660 2
457 16434 4029 3645 3629 4261 1
458 16467 6747 4421 4505 3637 2
459 16504 4409 4019 5852 4059 2
460 16544 3999 5872 3629 6020 1
461 16577 7077 4387 6146 4059 2
462 16607 6088 4029 4009 3645 2
463 16646 4009 3629 5872 4341 1
464 16676 7077 4381 4521 3645 2
465 16715 4355 3989 4029 3629 2
466 16754 4029 5652 5862 6022 1
467 16785 6747 4411 6138 3645 2
468 16817 4361 5812 4019 4049 2
469 16857 5852 3629 3637 4253 1
470 16889 6747 4361 4495 5660 2
471 16928 4403 5852 4019 3629 2
472 16967 3999 3645 4059 6044 1
473 17004 7077 4435 6146 5660 2
474 17038 4423 4029 4009 4059 2
475 17075 4029 4039 5862 4291 1
476 17106 7077 4399 6170 4059 2
477 17138 6072 5852 3999 4059 2
478 17173 5822 3645 4049 4263 1
479 17208 7077 6092 4493 3637 2
480 17241 6096 5842 5842 4059 2
481 17278 5822 5652 4059 4281 1
482 17315 7077 6062 4469 4049 2
483 17350 6072 3999 5832 5660 2
484 17388 5822 5660 5862 4337 1
485 17424 6747 4411 4469 4049 2
486 17461 6068 3989 5842 4039 2
487 17498 5852 3637 4039 4309 1
488 17535 6747 4397 4469 5652 2
489 17575 6068 4029 5842 3645 2
490 17611 4019 4049 4049 4283 1
491 17651 6747 6070 6140 5872 2
492 17686 4349 5842 5812 4059 2
493 17726 4009 5660 4039 4333 1
494 17760 6747 4361 4499 4049 2
495 17792 6088 3989 4009 4049 2
496 17830 4009 3637 3645 6038 1
497 17864 6747 4379 6134 4039 2
498 17898 4355 3999 3999 4049 2
499 17933 4029 3637 5652 6018 1
500 17965 7077 6092 4493 3629 2
501 18004 4401 4009 3999 3645 2
502 18042 5822 4039 5660 6036 1
503 18074 6747 4379 6566 5660 2
504 18104 4361 5822 3999 3637 2
505 18140 5812 3645 4039 4267 1
506 18173 6747 4355 4455 5872 2
507 18210 6092 5852 5842 3645 2
508 18247 5852 4059 3645 6048 1
509 18285 7077 4363 6170 4039 2
510 18320 6088 5812 4029 5872 2
511 18355 5852 3645 3637 6042 1
512 18393 6747 4389 6566 5872 2
513 18431 4355 4009 4019 5652 2
514 18469 5822 5872 3629 4279 1
515 18503 6747 4383 4507 3637 2
516 18540 4437 4009 5812 5862 2
517 18576 5852 3637 3637 4277 1
518 18609 6747 4363 6144 4039 2
519 18644 4411 5822 5842 4049 2
520 18683 4019 4059 4039 6016 1
521 18713 6747 6086 4459 5872 2
522 18747 6094 4009 5832 3645 2
523 18785 3999 3645 5660 6024 1
524 18822 7077 6098 4505 5872 2
525 18856 4359 5842 5842 3645 2
526 18896 4029 5872 4049 6026 1
527 18934 6747 4425 6158 3637 2
528 18969 4351 5852 3989 5872 2
529 19008 5812 3637 5660 4331 1
530 19041 6747 4409 4521 4049 2
531 19076 6098 5822 5852 5660 2
532 19114 3999 4039 4059 6014 1
533 19153 6747 4377 4453 5872 2
534 19184 6086 3999 3999 4049 2
535 19222 3989 4049 5862 4281 1
536 19259 7077 4357 4483 4059 2
537 19295 6094 4009 5832 5872 2
538 19331 4009 5660 4039 4261 1
539 19371 7077 6088 6142 5652 2
540 19409 6070 5832 4009 5660 2
541 19445 4019 5862 5652 4261 1
542 19481 6747 4373 6138 4039 2
543 19521 4373 5812 5852 4039 2
544 19561 5822 5862 5652 4333 1
545 19597 6747 6074 4527 3637 2
546 19631 4387 5842 5832 4039 2
547 19669 5852 3629 3629 6044 1
548 19701 6747 4383 4521 5872 2
549 19732 6064 5832 3989 5660 2
550 19769 5832 3629 5652 4335 1
551 19808 7077 4423 4499 5872 2
552 19840 6066 4029 5822 4059 2
553 19875 3999 3629 3637 4339 1
554 19915 6747 6062 6156 4059 2
555 19949 4425 3989 3999 4049 2
556 19987 5822 5862 5862 6016 1
557 20020 7077 4405 4475 3637 2
558 20058 6074 4009 5832 5872 2
559 20094 4019 4059 4059 4339 1
560 20134 6747 6084 4479 4059 2
561 20165 4387 5822 5822 4039 2
562 20203 5852 3645 3645 4341 1
563 20238 7077 4373 6168 4049 2
564 20275 6094 5822 5842 5872 2
565 20312 5812 4059 3637 4281 1
566 20349 7077 4351 6132 4059 2
567 20387 4349 3999 4019 3629 2
568 20422 3989 3645 3645 4333 1
569 20459 6747 6098 4517 4049 2
570 20495 4431 5822 3999 5872 2
571 20533 3989 3629 3629 4309 1
572 20568 6747 4351 4481 5660 2
573 20603 4403 5812 3989 5862 2
574 20639 4029 4059 3629 4341 1
575 20677 6747 4357 4497 5652 2
576 20711 6074 5842 4019 4039 2
577 20750 5842 4059 5652 4261 1
578 20783 6747 4427 6162 3645 2
579 20818 4411 5842 4029 4059 2
580 20855 4009 3629 3629 6020 1
581 20894 7077 4353 4521 5872 2
582 20927 4423 5832 3989 4049 2
583 20966 5812 5652 5862 4291 1
584 20999 6747 4411 4521 4059 2
585 21036 4435 5832 5832 3645 2
586 21072 4009 4049 4059 6016 1
587 21109 6747 4389 4481 4059 2
588 21139 4375 5812 4009 3637 2
589 21175 5812 5862 3637 4329 1
590 21210 7077 4363 6140 3637 2
591 21247 4389 5852 5822 5872 2
592 21283 3989 4049 5872 4263 1
593 21317 7077 4387 4499 5862 2
594 21356 4403 3999 3999 3645 2
595 21396 5842 4039 3637 4277 1
596 21434 6747 6072 6146 3629 2
597 21472 4389 3989 5832 5660 2
598 21508 3989 4059 5862 4285 1
599 21539 6747 6068 4449 5872 2
600 21576 4427 5822 5852 3629 2
601 21612 5832 5652 4039 6038 1
602 21651 7077 6072 6162 4049 2
603 21687 4373 5812 5842 5872 2
604 21722 5852 4049 5660 4291 1
605 21753 6747 4437 4495 3637 2
606 21790 4351 4029 4009 4059 2
607 21827 5832 4049 4059 4263 1
608 21857 7077 6098 4501 5660 2
609 21889 4387 3999 4029 3637 2
610 21926 5852 3637 5862 4307 1
611 21960 7077 4363 4523 5862 2
612 21990 4397 5842 5822 4059 2
613 22027 3989 5652 5652 4341 1
614 22059 6747 4403 4527 4039 2
615 22095 6066 5822 4009 5660 2
616 22135 5832 5872 5872 4307 1
617 22165 7077 4425 6134 5872 2
618 22198 4425 5852 5822 5862 2
619 22238 5852 5660 4039 4341 1
620 22270 6747 4349 4519 5652 2
621 22302 4411 3999 4019 3629 2
622 22338 4019 3637 5872 4307 1
623 22373 7077 4385 4505 4059 2
624 22409 4389 5852 5822 5660 2
625 22444 3989 3629 5862 4335 1
626 22479 6747 4377 6168 3637 2
627 22516 4429 5852 5842 5872 2
628 22552 4009 5862 4049 4303 1
629 22586 6747 4373 6168 5862 2
630 22620 6084 5852 5822 3629 2
631 22655 5832 5660 5652 6012 1
632 22695 7077 4385 6136 4049 2
633 22726 4429 4019 5842 5872 2
634 22764 3999 3629 3645 6018 1
635 22799 7077 6086 4499 3645 2
636 22836 6090 3989 5812 4039 2
637 22875 3989 5862 5862 4255 1
638 22915 7077 6086 4519 5652 2
639 22955 4385 5832 5812 4049 2
640 22993 5852 3645 5872 6016 1
641 23033 6747 6086 4451 3637 2
642 23064 4355 5842 5852 4059 2
643 23104 5832 4059 3645 4309 1
644 23135 7077 4373 4525 4059 2
645 23168 4351 3989 4019 5660 2
646 23204 5832 3629 5660 4255 1
647 23238 6747 4351 6138 4059 2
648 23271 4423 3999 5852 5862 2
649 23311 5842 3637 3629 4289 1
650 23341 7077 4389 4517 5872 2
651 23372 4425 4019 5852 4039 2
652 23409 4009 4059 3629 6038 1
653 23443 6747 6090 4453 3629 2
654 23482 6094 4009 5832 3645 2
655 23519 5832 3629 4059 4311 1
656 23554 6747 4423 4499 3637 2
657 23593 4401 4029 4029 4049 2
658 23632 5812 3645 5652 6050 1
659 23668 7077 4377 4497 5862 2
660 23706 4363 4019 4009 4039 2
661 23744 4029 4059 5872 4263 1
662 23777 7077 4359 4503 3629 2
663 23810 4357 5822 5822 5660 2
664 23847 5842 5660 5862 4257 1
665 23883 7077 4379 4519 4059 2
666 23915 6074 5832 3989 5652 2
667 23955 5812 4059 5872 4301 1
668 23991 7077 6092 4519 4059 2
669 24021 4383 5852 5842 5872 2
670 24058 5842 5872 3645 4315 1
671 24097 6747 4421 4527 3637 2
672 24128 4361 5852 3989 4039 2
673 24164 4029 5660 5872 4313 1
674 24203 7077 6060 4529 4049 2
675 24236 4429 5822 5852 5652 2
676 24271 3999 3645 3637 6042 1
677 24303 6747 4375 6156 4049 2
678 24342 6062 5822 5852 3645 2
679 24381 4029 5862 4059 6050 1
680 24417 7077 6068 4477 3645 2
681 24454 4409 5812 5852 3629 2
682 24493 5822 4049 3645 4281 1
683 24528 7077 6074 4447 5660 2
684 24564 4383 5832 4029 3637 2
685 24601 3989 4059 3629 6042 1
686 24639 6747 6084 4507 4049 2
687 24672 4411 5852 5812 4049 2
688 24711 5832 5862 3637 4325 1
689 24745 6747 4429 4499 5660 2
690 24777 4385 4029 4029 5862 2
691 24812 5852 5660 4039 4301 1
692 24844 6747 4389 4473 5652 2
693 24874 4435 4029 5842 5862 2
694 24910 5812 4059 5652 4261 1
695 24946 7077 4437 4505 5652 2
696 24977 4405 4009 4009 3629 2
697 25017 3989 4059 5862 4309 1
698 25052 6747 4401 4497 3629 2
699 25086 6060 4029 5842 5660 2
700 25126 3989 3629 3637 6042 1
701 25157 7077 4359 4477 3629 2
702 25196 6060 5842 4009 5660 2
703 25236 5852 3629 5652 4325 1
704 25271 6747 6092 4471 4059 2
705 25310 4421 5812 4019 5862 2
706 25350 4029 3637 4059 4261 1
707 25385 6747 6070 4519 5660 2
708 25421 6072 5842 3989 4049 2
709 25458 3999 4039 3629 6050 1
710 25498 6747 6066 4481 5660 2
711 25531 6096 4009 5832 5660 2
712 25570 3989 5862 5872 6048 1
713 25609 6747 4377 4493 5872 2
714 25646 4361 5822 3989 4049 2
715 25682 4029 5872 4049 4277 1
716 25722 7077 4373 6170 3645 2
717 25757 6094 5832 5812 5660 2
718 25793 5812 5872 4049 6038 1
719 25825 6747 4373 4521 5862 2
720 25864 6068 5812 3989 4059 2
721 25902 5852 5872 3645 4255 1
722 25934 6747 4401 4521 3645 2
723 25966 6060 3989 5822 3637 2
724 26001 5852 5872 5862 4263 1
725 26032 7077 6092 6144 3637 2
726 26071 6074 3999 5832 3645 2
727 26106 5852 4039 3645 4253 1
728 26144 6747 6068 6162 3629 2
729 26180 6098 5822 5832 5660 2
730 26219 5832 3637 5872 4339 1
731 26250 7077 4397 6140 4039 2
732 26289 4429 3989 5852 5652 2
733 26326 3989 4059 3637 4301 1
734 26363 7077 4423 6566 4049 2
735 26393 4399 3999 3999 4039 2
736 26430 5812 5652 3637 4265 1
737 26467 6747 6088 6140 3637 2
738 26504 4401 3999 5852 5872 2
739 26539 4009 4049 5862 4255 1
740 26576 6747 6098 4493 3629 2
741 26615 4397 3999 5822 5660 2
742 26652 4019 4039 5660 4305 1
743 26690 6747 4379 4471 4059 2
744 26724 6090 4009 4019 5862 2
745 26761 5842 5862 5872 6012 1
746 26800 6747 4363 6564 4049 2
747 26840 4389 4009 5832 4049 2
748 26875 5822 5660 5660 6012 1
749 26908 7077 4389 4517 4049 2
750 26942 4351 3999 5812 5652 2
751 26978 4029 4049 5652 6036 1
752 27008 7077 6098 6160 5660 2
753 27046 4423 4029 5822 5660 2
754 27082 3989 4039 3645 4311 1
755 27121 7077 4427 4445 5652 2
756 27157 6074 3999 3999 5872 2
757 27194 5812 5652 5862 4341 1
758 27232 7077 4349 4445 5652 2
759 27270 4373 4029 5812 5660 2
760 27305 5832 4059 3629 4293 1
761 27341 6747 4397 4529 4039 2
762 27377 6086 5832 4019 3629 2
763 27416 5832 4039 5660 4289 1
764 27453 7077 4349 4517 5652 2
765 27492 4381 5852 5832 5872 2
766 27530 4019 5660 4039 4289 1
767 27565 6747 4379 4529 4049 2
768 27597 4377 4009 4009 3629 2
769 27635 5832 5862 4049 6048 1
770 27673 7077 4379 6146 3637 2
771 27709 4431 5822 5832 3645 2
772 27747 3989 4049 5872 6050 1
773 27777 6747 6060 4457 5862 2
774 27817 4403 5812 5832 5652 2
775 27856 4009 5862 4049 6038 1
776 27889 7077 4379 4493 5862 2
777 27921 4435 4019 4009 5862 2
778 27960 3989 5660 5872 4339 1
779 27994 7077 6070 4481 3629 2
780 28027 4389 3989 4019 3629 2
781 28064 5842 4039 3629 4287 1
782 28099 6747 6062 6164 5872 2
783 28139 4431 3989 5832 3637 2
784 28176 3999 5872 3637 4283 1
785 28207 7077 6070 6134 5862 2
786 28237 6066 5822 3989 5862 2
787 28272 4029 3629 3637 4313 1
788 28305 7077 6060 4455 5862 2
789 28335 6070 4029 3999 3645 2
790 28374 4009 4049 5660 4253 1
791 28414 6747 4423 6132 5660 2
792 28444 6092 3999 5822 3637 2
793 28480 4019 3629 5862 4341 1
794 28516 6747 6072 6144 5872 2
795 28552 4435 3999 3999 5872 2
796 28590 4029 3629 3637 4337 1
797 28625 7077 4427 4485 3629 2
798 28660 4411 5812 5812 4039 2
799 28698 3989 4059 3637 4283 1
800 28734 6747 6068 4485 4049 2
801 28769 4379 3999 4029 4039 2
802 28806 4029 5862 3629 6016 1
803 28841 6747 4421 4481 5652 2
804 28880 4423 5812 5852 5652 2
805 28919 5812 3629 3645 4301 1
806 28952 6747 4421 4525 5872 2
807 28984 6060 4009 4009 4039 2
808 29024 5822 3645 4039 4257 1
809 29057 7077 6074 6136 3637 2
810 29095 4409 5842 3999 5872 2
811 29134 5852 5652 5862 6022 1
812 29174 6747 4357 4505 3637 2
813 29210 6094 5832 5822 4049 2
814 29250 4019 5652 4059 4281 1
815 29290 6747 6066 6136 3637 2
816 29326 4429 4019 4009 3637 2
817 29363 3999 4059 5660 4333 1
818 29396 7077 4377 6156 4059 2
819 29430 4361 5852 5832 4059 2
820 29465 4029 5660 5652 4309 1
821 29504 7077 4375 4481 5652 2
822 29541 4407 3989 5852 4039 2
823 29579 5812 5862 3645 4325 1
824 29616 6747 6072 6162 5872 2
825 29651 4397 4009 5842 4059 2
826 29686 5822 3637 5660 4259 1
827 29718 6747 4353 6162 3629 2
828 29753 4363 3989 4019 5652 2
829 29793 5842 5862 5862 4253 1
830 29830 6747 6064 6142 5862 2
831 29862 4429 4009 3999 3645 2
832 29900 3989 5652 4049 6012 1
833 29933 7077 4351 4527 5872 2
834 29969 6072 3989 4009 4059 2
835 30004 3999 5660 3629 6038 1
836 30035 6747 6088 4529 5660 2
837 30073 4375 4009 5822 5862 2
838 30108 5812 3629 3645 4267 1
839 30140 6747 4351 6164 3629 2
840 30175 6066 3999 5832 4049 2
841 30215 3989 5652 4059 4283 1
842 30249 7077 6094 4479 5872 2
843 30281 6060 4009 4029 3645 2
844 30319 4009 5652 3645 4303 1
845 30355 6747 4401 6142 3629 2
846 30385 4359 5822 5842 5862 2
847 30423 5812 5660 5872 4337 1
848 30462 7077 4361 4481 3645 2
849 30500 4355 3999 4029 4059 2
850 30537 5832 3637 3645 6040 1
851 30574 7077 4433 4527 3629 2
852 30608 4355 5812 5822 3645 2
853 30644 4009 3637 4039 4305 1
854 30684 6747 4433 6136 3637 2
855 30718 4351 4019 3999 4039 2
856 30754 5852 5872 3629 4259 1
857 30793 7077 4355 6138 5652 2
858 30829 4425 5852 4009 5652 2
859 30869 5812 4059 5862 4263 1
860 30900 6747 6086 4527 5660 2
861 30934 4421 3999 4009 5862 2
862 30970 5842 3629 3645 6014 1
863 31009 6747 4355 4457 3637 2
864 31045 4405 5842 5812 4049 2
865 31083 5822 3645 4049 4337 1
866 31119 6747 6086 4521 3629 2
867 31155 4423 5842 5842 5652 2
868 31190 5812 3645 5652 4255 1
869 31226 7077 4385 4507 4059 2
870 31263 4381 4009 5852 3629 2
871 31299 4009 5862 4049 6024 1
872 31339 6747 4385 4481 3629 2
873 31378 4423 4029 3989 5862 2
874 31414 4029 5862 4059 4287 1
875 31449 7077 6088 4483 5862 2
876 31487 6094 3989 3999 5872 2
877 31524 4019 4039 4059 6016 1
878 31564 7077 6086 4503 3629 2
879 31598 4361 5842 5852 4049 2
880 31633 3999 3645 4049 4265 1
881 31664 7077 6096 4475 5660 2
882 31701 6094 4029 4009 3645 2
883 31739 5842 3645 4049 6026 1
884 31772 6747 6062 4525 4039 2
885 31810 6060 5842 5842 5660 2
886 31847 4019 4039 5652 4327 1
887 31881 7077 6064 4455 4059 2
888 31914 4389 3999 5812 4059 2
889 31952 5822 4059 3629 6016 1
890 31989 6747 6084 4503 3637 2
891 32023 4351 4009 4029 3637 2
892 32058 3999 3637 5660 4325 1
893 32094 6747 4379 4527 4039 2
894 32127 4425 4019 4019 5872 2
895 32162 3989 3637 5660 4331 1
896 32200 7077 4433 4481 5652 2
897 32237 4359 5832 3989 5652 2
898 32273 5812 5660 5872 4301 1
899 32305 6747 4405 4505 5872 2
900 32340 4401 4019 3999 5862 2
