1 48 4029 5872 4059 4331 1
2 100 6747 4407 6160 5862 2
3 147 4409 3999 5822 5652 2
4 205 5822 4059 5652 4253 1
5 250 6747 6062 4479 3637 2
6 310 6096 5842 5852 4059 2
7 369 4009 3629 5872 6050 1
8 423 6747 4407 4447 5652 2
9 471 4361 4009 4019 3645 2
10 525 3999 3645 3637 4311 1
11 570 7077 6060 6164 3637 2
12 624 4423 5832 4009 4039 2
13 680 5842 4039 3645 6020 1
14 729 7077 6098 4469 4059 2
15 789 4431 5822 4019 3637 2
16 845 5822 3645 4059 4287 1
17 892 7077 4401 6140 5862 2
18 949 4425 4019 5812 4049 2
19 998 5852 5872 5652 4327 1
20 1058 7077 4405 6142 4039 2
21 1107 4397 3989 3999 4059 2
22 1162 4019 3637 5652 6042 1
23 1209 6747 4399 6140 5652 2
24 1258 4387 5812 5822 5652 2
25 1313 4009 5872 3645 4285 1
26 1359 6747 4373 6564 3629 2
27 1404 6098 4029 4019 4059 2
28 1450 5852 3629 5872 4337 1
29 1504 7077 6090 4477 5862 2
30 1564 4399 5852 3999 3637 2
31 1610 4019 3645 5660 6020 1
32 1659 7077 6084 6132 4049 2
33 1716 4389 4029 5842 5862 2
34 1768 4019 5862 3645 4335 1
35 1826 6747 4357 4497 4039 2
36 1878 4431 5812 5832 5862 2
37 1932 5812 5862 3645 4267 1
38 1985 6747 6086 6144 4059 2
39 2033 4407 5812 3999 5660 2
40 2080 5842 4049 4059 4289 1
41 2132 7077 6086 6140 4049 2
42 2177 4355 3999 4009 3629 2
43 2223 4029 5872 3637 4291 1
44 2276 6747 4437 4453 5862 2
45 2327 6086 5822 5832 5862 2
46 2373 5812 4059 4039 4267 1
47 2425 6747 4397 6144 4049 2
48 2482 4421 5842 5842 4049 2
49 2527 3989 5862 3629 6024 1
50 2572 6747 4437 6138 4059 2
51 2621 4425 4019 4029 3645 2
52 2666 5832 4059 5862 4335 1
53 2724 7077 6098 4525 3637 2
54 2778 4377 5852 3999 5862 2
55 2837 3989 5660 5872 4259 1
56 2889 6747 4435 6168 4039 2
57 2949 4431 4029 3989 5862 2
58 2994 5822 4039 3629 4333 1
59 3051 7077 6096 4453 3629 2
60 3102 4361 4029 5832 4039 2
61 3155 5812 3637 5660 4311 1
62 3204 7077 6098 6146 4059 2
63 3252 6074 4019 5812 5652 2
64 3312 5832 3645 5862 4289 1
65 3368 6747 4425 4455 4059 2
66 3419 6074 5832 5832 5872 2
67 3478 5852 5660 5862 6012 1
68 3527 7077 4359 4459 4039 2
69 3582 4435 5842 5812 4049 2
70 3629 4029 3637 4039 4315 1
71 3683 6747 6060 4503 5652 2
72 3734 4411 5832 4009 3645 2
73 3784 5822 4049 4059 6036 1
74 3844 7077 4431 4457 3637 2
75 3896 6086 4009 4019 5872 2
76 3954 5812 5862 3645 6046 1
77 4004 6747 4433 4471 4059 2
78 4054 4359 4009 5822 3645 2
79 4108 5842 5872 3637 4261 1
80 4158 6747 4399 4523 5872 2
81 4214 6070 5842 5822 3645 2
82 4274 4019 4039 4039 4303 1
83 4329 6747 4433 6134 4039 2
84 4381 4353 3999 3999 4049 2
85 4429 5812 4049 3645 4309 1
86 4487 6747 6068 6162 3629 2
87 4533 6072 5832 3989 4039 2
88 4579 5822 3645 3637 4341 1
89 4635 7077 4407 6142 5862 2
90 4689 4403 5812 3989 4039 2
91 4738 4009 3645 5660 4291 1
92 4791 6747 4433 6138 5660 2
93 4851 4421 5812 4019 5872 2
94 4900 4029 3637 5872 4255 1
95 4949 7077 4379 6132 4049 2
96 5005 4383 3989 5832 5862 2
97 5062 5842 5872 3637 4257 1
98 5110 7077 4381 4481 3645 2
99 5169 4431 4029 4029 4049 2
100 5223 3999 3629 4039 4289 1
101 5277 6747 6066 4507 3637 2
102 5332 4381 5832 5852 4049 2
103 5388 4029 3637 5652 4303 1
104 5447 6747 6092 6156 5652 2
105 5501 4437 5832 5832 3645 2
106 5553 3989 5872 4059 4325 1
107 5602 6747 4405 4503 3645 2
108 5652 4403 3989 3989 3645 2
109 5701 5822 3629 5652 4339 1
110 5754 6747 4385 6168 3645 2
111 5810 4411 4019 5812 3645 2
112 5864 4019 3629 5872 4283 1
113 5916 7077 4435 4523 4049 2
114 5974 4363 5842 4029 5652 2
115 6021 3989 3645 5660 4305 1
116 6067 7077 6060 6144 4059 2
117 6120 6070 4029 3989 5660 2
118 6173 3999 3645 4059 4331 1
119 6230 7077 6098 4451 3645 2
120 6285 6070 3989 5842 4039 2
121 6338 3999 4049 5862 4287 1
122 6383 6747 4397 4523 5862 2
123 6443 4433 5812 3989 4059 2
124 6489 5822 3629 3629 6026 1
125 6535 6747 4427 4501 5862 2
126 6588 4379 4009 5842 5660 2
127 6645 3989 3629 4049 4281 1
128 6703 7077 4433 6132 5872 2
129 6755 6086 5812 3999 5652 2
130 6815 5832 3645 5660 4339 1
131 6872 7077 6088 4523 5660 2
132 6929 4409 5842 5812 3637 2
133 6985 5852 3629 5872 4283 1
134 7038 6747 4385 6156 5652 2
135 7097 4425 5822 4009 4059 2
136 7152 3989 5872 4059 4339 1
137 7197 7077 6074 6136 4059 2
138 7255 6092 5842 3989 5660 2
139 7315 5832 4039 5872 4341 1
140 7372 6747 6098 4479 5872 2
141 7421 6064 5832 4029 4059 2
142 7467 5822 5862 3629 6024 1
143 7516 7077 4353 4495 3629 2
144 7566 4425 5842 4009 5660 2
145 7617 5812 5862 4049 4281 1
146 7668 7077 4373 4457 5862 2
147 7719 4351 3999 4019 5872 2
148 7771 5822 3645 5862 4281 1
149 7827 6747 4397 4503 5660 2
150 7875 4427 4019 3999 5652 2
151 7930 3999 4039 5652 4333 1
152 7984 6747 4385 6158 4049 2
153 8032 4421 4009 4019 3645 2
154 8087 5832 5872 5862 6048 1
155 8135 6747 4437 4493 4049 2
156 8182 4385 5822 3989 4059 2
157 8230 5842 5862 5862 4327 1
158 8277 7077 4423 6138 5862 2
159 8327 6068 3999 3989 4059 2
160 8376 4019 5652 3645 6018 1
161 8431 6747 6092 6170 4049 2
162 8487 4355 5812 5832 5862 2
163 8533 3999 5872 4049 6020 1
164 8591 7077 4361 4481 4059 2
165 8651 4423 4019 5852 5660 2
166 8696 4019 3629 5872 6026 1
167 8756 6747 4355 4483 4059 2
168 8809 6072 5812 3999 4049 2
169 8863 4019 3637 4039 6048 1
170 8920 7077 4407 4479 5660 2
171 8974 4409 4009 5832 4039 2
172 9028 5812 5872 4059 4325 1
173 9086 6747 4411 6160 3637 2
174 9141 4359 5842 5812 5872 2
175 9193 5852 5652 3645 4339 1
176 9244 7077 4421 6140 5872 2
177 9291 4429 3989 4009 4039 2
178 9350 5832 3637 3645 4315 1
179 9396 6747 6066 4517 5862 2
180 9446 4403 5822 5822 3645 2
181 9496 5842 5652 3637 6024 1
182 9548 6747 4381 4481 4039 2
183 9601 6066 4019 4009 3637 2
184 9646 5842 4049 5660 6044 1
185 9706 6747 6074 4527 4039 2
186 9756 4429 5852 3999 4039 2
187 9813 3989 5660 4059 4259 1
188 9868 6747 4427 4505 3637 2
189 9927 4425 5842 3989 5652 2
190 9976 3989 4059 5652 6044 1
191 10036 7077 6070 4523 3629 2
192 10087 4409 3989 4019 4039 2
193 10138 5832 4049 5660 4293 1
194 10187 6747 6070 4485 4049 2
195 10237 4383 5812 5832 3637 2
196 10285 4019 3637 4049 6022 1
197 10343 6747 4403 4497 3629 2
198 10391 4401 3989 5832 5862 2
199 10444 5812 5660 4049 4303 1
200 10499 6747 6090 4497 3645 2
201 10544 4375 4019 4009 4059 2
202 10601 3989 4049 5862 4287 1
203 10660 6747 4387 6166 5660 2
204 10705 4389 5842 4019 3629 2
205 10762 5832 3645 5872 4325 1
206 10817 6747 4437 4447 5872 2
207 10872 6090 5812 4009 4059 2
208 10923 5822 4059 4059 4305 1
209 10974 6747 4425 6162 3629 2
210 11032 4397 5842 4029 3629 2
211 11086 5812 5660 5652 6024 1
212 11136 6747 4355 4475 4039 2
213 11186 4421 5812 3989 4059 2
214 11232 3999 5862 5660 4337 1
215 11291 7077 4403 4447 5862 2
216 11340 6070 3999 4029 4059 2
217 11386 5812 5862 4059 6046 1
218 11444 6747 4349 4517 4049 2
219 11499 4355 5842 5842 4059 2
220 11554 4029 3637 4039 6038 1
221 11602 6747 6092 6132 5872 2
222 11652 4377 5832 5832 5652 2
223 11701 4019 5652 5862 4291 1
224 11752 7077 4383 6160 5872 2
225 11806 6062 5812 4009 3637 2
226 11864 3999 5872 3629 4291 1
227 11917 6747 4407 4453 3637 2
228 11969 4359 5842 3989 5862 2
229 12020 5852 5652 5862 4259 1
230 12066 6747 4437 4507 4039 2
231 12122 6094 5812 5832 4049 2
232 12174 5822 4059 4039 4255 1
233 12225 6747 6066 4507 3645 2
234 12277 4431 4019 4029 4059 2
235 12323 5812 4059 5862 6020 1
236 12377 7077 4355 4477 5652 2
237 12437 6064 4029 5822 5872 2
238 12497 4019 4049 5872 6036 1
239 12553 7077 4351 4529 4059 2
240 12602 4383 5832 5812 5872 2
241 12660 5842 5652 3645 6024 1
242 12713 7077 4411 4499 4059 2
243 12764 4427 3999 5812 4059 2
244 12822 3999 5652 4059 4259 1
245 12874 6747 4383 6136 5862 2
246 12921 6072 5812 4009 3645 2
247 12971 3999 4049 4039 4309 1
248 13022 7077 4431 6140 5660 2
249 13079 4407 5852 3999 3629 2
250 13132 3999 4059 4059 6012 1
251 13191 7077 4421 6140 3629 2
252 13240 4403 4019 5832 3645 2
253 13298 5822 3629 3645 4327 1
254 13349 7077 4375 6132 3637 2
255 13407 6098 4019 3999 5872 2
256 13452 4009 4049 5660 6022 1
257 13497 7077 6096 4451 4059 2
258 13548 4363 4019 5822 4039 2
259 13600 4019 4049 5652 4291 1
260 13650 7077 4355 4495 5862 2
261 13710 4373 3989 5822 3645 2
262 13763 5852 4059 3645 4285 1
263 13815 7077 4349 6566 4049 2
264 13860 6066 4009 4029 5660 2
265 13906 4029 3645 4049 6020 1
266 13951 7077 4387 4507 5660 2
267 14008 4427 5822 4019 3637 2
268 14060 3999 4049 5872 4289 1
269 14112 6747 4435 6162 4059 2
270 14160 4379 4009 3989 5872 2
271 14205 5852 3645 4059 4281 1
272 14257 6747 6094 6162 4059 2
273 14304 4385 4029 3989 3645 2
274 14356 5842 3637 3645 4329 1
275 14409 6747 4431 4477 3629 2
276 14460 6090 5852 5822 5872 2
277 14520 3989 4049 5660 4327 1
278 14578 6747 6092 4523 5660 2
279 14626 6068 4009 5812 4059 2
280 14681 3999 3637 3645 4263 1
281 14740 6747 4423 4455 4049 2
282 14790 4385 3989 4029 4049 2
283 14838 4029 5652 5862 6026 1
284 14891 7077 4423 6140 3645 2
285 14940 6090 5852 5822 5652 2
286 14993 4009 5872 4039 4257 1
287 15040 6747 4435 4479 5872 2
288 15096 4411 5832 5852 4049 2
289 15148 5822 5862 5862 4283 1
290 15208 7077 6084 4521 3645 2
291 15268 4359 5812 5852 5872 2
292 15323 4029 5872 3645 4261 1
293 15382 6747 4387 4475 5862 2
294 15436 4359 5822 5842 4039 2
295 15486 5812 5862 5872 4285 1
296 15543 7077 4427 6140 5652 2
297 15590 4423 3989 5852 5862 2
298 15644 3989 4049 4049 4261 1
299 15690 6747 4409 4485 5862 2
300 15742 6074 3989 3999 3637 2
301 15794 4019 5660 5862 6050 1
302 15840 7077 4429 4473 5872 2
303 15895 4381 5812 4009 5872 2
304 15951 5822 3629 3645 6048 1
305 15999 7077 4397 6164 3637 2
306 16057 4423 4019 4029 3637 2
307 16105 5822 5660 3637 4281 1
308 16152 7077 6074 6162 5862 2
309 16206 6074 4009 4009 5862 2
310 16260 5832 5862 3637 6044 1
311 16310 7077 6098 4453 5872 2
312 16368 4379 4029 3989 4039 2
313 16427 5852 5862 5872 4309 1
314 16473 6747 4421 4445 5652 2
315 16533 4435 4009 5812 3637 2
316 16583 5812 5862 4049 4305 1
317 16635 7077 4429 4459 4049 2
318 16695 4431 5852 4029 5660 2
319 16746 5832 4039 4059 6040 1
320 16805 7077 4435 4479 4039 2
321 16861 4423 5852 5812 4049 2
322 16914 5822 3629 5872 4267 1
323 16967 6747 4359 4529 3637 2
324 17015 4425 4019 5832 5652 2
325 17075 5842 5872 4049 4265 1
326 17122 7077 4373 4459 4039 2
327 17175 6096 4019 4009 4059 2
328 17221 4019 5660 3645 6040 1
329 17276 6747 4403 6134 3629 2
330 17334 6096 3999 4029 5660 2
331 17385 5812 3637 5652 4307 1
332 17444 7077 4351 6164 4039 2
333 17497 4353 5842 3999 3645 2
334 17554 4009 4049 5872 4335 1
335 17613 6747 4409 4519 5872 2
336 17665 6086 5842 3989 3629 2
337 17710 5812 3629 5660 6020 1
338 17767 7077 4435 4447 4049 2
339 17819 6098 5812 4009 4039 2
340 17879 4029 3629 3645 4267 1
341 17938 6747 4363 4451 5652 2
342 17983 6064 5822 3999 4039 2
343 18028 3999 5660 4059 6048 1
344 18074 6747 4379 4471 5872 2
345 18120 6086 4009 4009 5660 2
346 18169 5812 5872 3645 4287 1
347 18214 7077 4421 4499 3629 2
348 18261 6096 4019 3989 5660 2
349 18319 4009 3637 3645 4253 1
350 18374 7077 6070 6144 5660 2
351 18434 6062 5832 5822 4059 2
352 18494 4009 4049 3629 4309 1
353 18546 6747 4407 4481 4049 2
354 18594 6062 5832 5842 5660 2
355 18648 4009 4039 4059 4285 1
356 18695 7077 4423 6132 5862 2
357 18747 4431 4029 4029 5862 2
358 18796 5812 4039 3629 4337 1
359 18854 7077 4407 6136 4049 2
360 18909 6084 5822 3989 4059 2
361 18956 5842 4039 3629 4255 1
362 19002 6747 4431 4499 5872 2
363 19060 4383 4009 5812 5872 2
364 19109 4019 4049 4059 4315 1
365 19167 6747 4407 4493 3637 2
366 19225 4435 5852 4019 3637 2
367 19285 3999 3629 4039 6050 1
368 19331 6747 6086 4505 3637 2
369 19386 4433 4009 4009 3629 2
370 19433 4019 5652 5660 6012 1
371 19486 6747 6060 4481 5660 2
372 19546 4405 4029 3999 4039 2
373 19592 4019 5660 5872 4339 1
374 19652 6747 4363 6158 5872 2
375 19707 4387 4009 3999 5652 2
376 19758 4019 5652 5862 6024 1
377 19813 6747 4435 4499 3637 2
378 19867 4389 4019 4019 5652 2
379 19913 4009 4039 5862 4305 1
380 19964 7077 4359 4497 5652 2
381 20023 6066 4009 3999 4059 2
382 20071 5852 5862 5872 4329 1
383 20131 7077 4427 4519 5660 2
384 20182 4377 5812 5832 4049 2
385 20235 5812 4049 5652 4291 1
386 20289 7077 6060 4505 4039 2
387 20338 4427 5812 4019 5652 2
388 20383 5852 3637 3645 4265 1
389 20433 6747 6060 4477 5652 2
390 20491 6092 4019 5832 5652 2
391 20543 5842 3629 3645 6036 1
392 20590 7077 4401 4453 3629 2
393 20650 4377 5812 3989 5872 2
394 20700 4029 3645 3637 4313 1
395 20756 6747 4373 6138 5862 2
396 20804 4363 4019 5822 4039 2
397 20850 5832 4039 3637 4289 1
398 20904 6747 4397 6132 3637 2
399 20960 4407 5842 5852 5872 2
400 21011 3989 3645 5660 6016 1
401 21068 7077 4431 6158 4059 2
402 21128 6088 4019 3989 4059 2
403 21178 5852 5862 4049 4257 1
404 21230 6747 4389 6168 3637 2
405 21279 4387 4029 5832 3637 2
406 21334 4029 4039 5660 4277 1
407 21382 7077 6072 4473 3645 2
408 21441 4431 4029 5832 5872 2
409 21498 3989 3637 3645 4285 1
410 21548 6747 6096 4447 3629 2
411 21601 4403 4009 3999 4039 2
412 21646 5832 5660 3629 4303 1
413 21695 6747 4401 6160 3637 2
414 21753 4433 5842 5852 4049 2
415 21808 4029 5862 5872 4277 1
416 21861 6747 4389 4485 5862 2
417 21909 4411 4019 5852 4039 2
418 21955 4019 3645 5872 6046 1
419 22005 7077 4405 4499 3645 2
420 22065 6094 3989 4029 5652 2
421 22116 3989 3645 5660 6020 1
422 22169 6747 6090 6132 5872 2
423 22227 4373 4029 3999 5862 2
424 22274 3989 5862 3645 6018 1
425 22330 6747 4437 4523 5652 2
426 22384 6060 4009 5822 3645 2
427 22437 5832 5872 5660 4311 1
428 22493 6747 4429 4459 4059 2
429 22553 4355 4019 3989 4039 2
430 22601 4009 5872 5652 4303 1
431 22659 7077 6068 6134 5652 2
432 22719 4379 3999 5812 3637 2
433 22766 4009 3645 4059 4341 1
434 22824 7077 4409 6142 4049 2
435 22879 4353 5832 4029 3637 2
436 22936 4009 4059 4059 4329 1
437 22982 6747 4383 4455 3629 2
438 23037 4423 4019 4009 4039 2
439 23089 4019 5872 3645 6020 1
440 23147 7077 4385 6134 4039 2
441 23198 4427 5832 5822 3645 2
442 23249 3999 5872 5872 4303 1
443 23305 7077 6074 4499 3637 2
444 23350 6098 4029 5812 4039 2
445 23396 4009 3645 3637 6038 1
446 23451 7077 6084 4521 4059 2
447 23499 4429 4019 3999 4039 2
448 23554 4019 3645 4039 6050 1
449 23606 7077 4405 4519 4049 2
450 23666 4377 4019 5822 3637 2
451 23714 3989 3629 3637 4315 1
452 23771 6747 4351 4471 3645 2
453 23827 6094 4009 4029 3637 2
454 23883 4009 4039 3645 6048 1
455 23933 6747 4423 6160 5652 2
456 23983 6092 5822 3999 5660 2
457 24038 5852 5862 4049 4315 1
458 24093 6747 4407 4475 5652 2
459 24142 4411 4019 4019 3637 2
460 24191 5842 4059 4059 4305 1
461 24236 7077 4359 6144 3629 2
462 24290 4405 5832 5842 5652 2
463 24341 4009 3637 4059 4313 1
464 24387 7077 4351 6136 5862 2
465 24440 4421 4009 4009 5872 2
466 24498 5852 5872 5652 6046 1
467 24552 7077 4431 6156 5872 2
468 24602 4407 4009 4029 3629 2
469 24660 5822 3645 4039 4329 1
470 24714 7077 6068 4477 5862 2
471 24763 4349 5842 4009 3629 2
472 24815 5832 5862 5652 4309 1
473 24875 6747 4389 6564 5872 2
474 24925 6064 5852 4009 5660 2
475 24972 4029 4049 5862 4259 1
476 25017 7077 4373 4519 5652 2
477 25066 6092 5832 3999 5660 2
478 25121 5812 5660 5862 4253 1
479 25170 7077 4383 4525 5652 2
480 25226 4397 5842 3999 5862 2
481 25273 4029 5862 3629 4259 1
482 25328 7077 4375 6566 5872 2
483 25379 4379 5822 4029 5862 2
484 25424 3999 5862 3645 6038 1
485 25484 6747 4403 4447 5862 2
486 25537 4435 4009 4029 4039 2
487 25587 4019 4039 4059 4337 1
488 25636 7077 4349 4473 5652 2
489 25684 4385 3989 5812 4059 2
490 25737 5852 4049 4059 6026 1
491 25795 6747 4429 4449 5652 2
492 25847 6060 5822 5812 3637 2
493 25898 5852 4039 5660 4279 1
494 25949 7077 4361 6168 5652 2
495 26003 4357 5812 5852 5652 2
496 26054 4029 5862 5872 4301 1
497 26107 7077 6084 6132 5872 2
498 26160 6094 3999 5822 5652 2
499 26205 5832 3629 5652 6012 1
500 26252 6747 4423 4485 3629 2
501 26310 6090 3999 5832 5872 2
502 26356 4009 4049 3645 6026 1
503 26405 6747 6094 4447 5862 2
504 26462 4363 3989 5842 5652 2
505 26512 5832 5872 4059 6018 1
506 26559 6747 6062 6134 5652 2
507 26606 6072 5812 5852 3629 2
508 26658 5842 4039 3645 4333 1
509 26709 7077 4357 4469 3629 2
510 26760 4373 3999 4009 3629 2
511 26807 3999 4039 4059 6020 1
512 26866 7077 4421 6136 3629 2
513 26911 4373 5852 5842 5652 2
514 26964 5852 5862 3629 4305 1
515 27016 7077 4363 4495 4039 2
516 27072 6074 4019 4019 5660 2
517 27125 5822 3645 4039 6048 1
518 27185 7077 4377 4483 5652 2
519 27230 4405 5812 5832 5862 2
520 27284 4029 4059 3629 4329 1
521 27335 7077 4349 4459 5652 2
522 27393 4409 4029 3999 4039 2
523 27451 4029 5862 4049 4315 1
524 27508 6747 6072 4495 5652 2
525 27557 4421 5822 4019 5652 2
526 27605 4009 5862 4059 4303 1
527 27655 7077 6096 6138 4039 2
528 27711 6066 5822 3999 4039 2
529 27764 4019 3637 4059 4341 1
530 27814 6747 4349 4469 3637 2
531 27874 6062 5832 5812 3637 2
532 27919 4029 5652 4039 6022 1
533 27969 6747 6074 6168 5872 2
534 28015 4431 5812 5812 5862 2
535 28072 5812 5660 5862 6024 1
536 28119 6747 4405 4503 5872 2
537 28179 6074 5812 5812 5660 2
538 28236 5832 4039 5660 4281 1
539 28287 6747 6096 4449 3629 2
540 28344 6072 5812 3989 4049 2
541 28399 5812 5862 4059 4277 1
542 28454 6747 4397 4449 4049 2
543 28501 4359 5852 3999 5652 2
544 28559 5842 3645 3629 4255 1
545 28610 7077 4433 4521 5652 2
546 28661 4375 4009 4029 4049 2
547 28715 5842 4049 3629 4259 1
548 28767 7077 6064 4495 4039 2
549 28823 6094 5822 4029 4049 2
550 28868 5842 5862 4059 4339 1
551 28918 6747 4363 4469 5652 2
552 28975 4401 3989 5822 4039 2
553 29023 5832 4039 3645 4255 1
554 29069 6747 6086 4485 3629 2
555 29119 4425 4029 5822 4049 2
556 29173 3999 3645 5652 4307 1
557 29222 7077 4403 4527 5652 2
558 29278 6084 5832 5822 5862 2
559 29324 4019 5862 4039 4253 1
560 29375 6747 4429 6162 4039 2
561 29422 4411 5832 5832 5660 2
562 29472 3989 3637 5862 4253 1
563 29532 6747 4373 4469 5872 2
564 29582 6090 5852 5852 4059 2
565 29642 3989 5862 4049 4301 1
566 29702 6747 4425 4481 4049 2
567 29750 4425 3989 5812 4039 2
568 29800 3999 4049 3645 4329 1
569 29860 7077 4363 4493 5660 2
570 29906 6068 5812 5822 4049 2
571 29960 4009 5862 5652 4291 1
572 30007 6747 4355 6168 5652 2
573 30061 4353 4009 4009 3645 2
574 30120 3999 3637 5660 4309 1
575 30165 7077 4381 4459 4059 2
576 30222 6096 5832 5812 5862 2
577 30268 5852 4039 4049 4279 1
578 30319 6747 6066 4455 4059 2
579 30378 4357 5842 5822 5872 2
580 30428 5842 3629 3629 4335 1
581 30474 7077 4435 4527 3637 2
582 30526 4351 3989 4019 5862 2
583 30583 5852 3645 3637 6042 1
584 30640 6747 4407 6168 4049 2
585 30700 4429 5852 5852 3645 2
586 30756 5832 4059 5652 4333 1
587 30809 6747 4387 4529 3645 2
588 30865 6064 5812 5852 5660 2
589 30917 5832 4039 3637 4309 1
590 30971 6747 4411 4525 5872 2
591 31017 4381 3999 4009 5872 2
592 31063 5842 5660 5660 6050 1
593 31109 7077 4423 6156 5652 2
594 31158 4421 5812 3989 5652 2
595 31214 4009 4039 5652 4327 1
596 31268 7077 4373 4507 5872 2
597 31322 6090 5822 3989 3629 2
598 31381 3989 5862 4049 6048 1
599 31432 6747 4361 4523 4039 2
600 31486 4429 3989 4009 4059 2
601 31538 5822 4059 4049 4289 1
602 31592 6747 4373 4449 3629 2
603 31647 4407 5842 3989 4039 2
604 31701 5812 3637 5862 4327 1
605 31751 6747 6072 4485 5872 2
606 31799 4385 5832 4009 5652 2
607 31849 5842 4059 5862 4261 1
608 31907 7077 4399 4475 4059 2
609 31967 6066 5852 5832 3637 2
610 32017 5852 3637 4039 4261 1
611 32062 6747 6086 4483 4039 2
612 32110 4437 5832 3999 4049 2
613 32155 5822 5652 4049 6014 1
614 32215 6747 4377 4475 5652 2
615 32264 4387 5822 4009 3637 2
616 32322 3999 4059 4059 6048 1
617 32381 6747 6060 4479 3637 2
618 32431 4375 5842 3989 3629 2
619 32487 5822 5862 5652 4267 1
620 32536 7077 6066 4493 3637 2
621 32595 6062 5822 3999 3645 2
622 32645 5822 5652 3629 6020 1
623 32694 6747 4399 4507 3637 2
624 32747 4351 3989 5852 4049 2
625 32807 4019 5862 5862 4259 1
626 32861 7077 4407 6160 5862 2
627 32914 4431 5842 5842 4049 2
628 32969 3999 5872 4039 4333 1
629 33017 7077 4361 6166 3645 2
630 33063 4361 4009 5812 5652 2
631 33122 5812 3637 5862 4307 1
632 33171 6747 6074 4445 4059 2
633 33225 4429 4009 4029 4049 2
634 33277 5842 3645 4049 6012 1
635 33333 7077 4421 6144 5862 2
636 33387 4359 5822 5822 5862 2
637 33436 5822 5862 5660 4289 1
638 33491 6747 4353 4481 3629 2
639 33541 6098 5812 4019 5652 2
640 33595 5822 4039 3637 4301 1
641 33641 6747 4379 6156 3637 2
642 33691 4363 5852 3989 4039 2
643 33740 4019 5872 4049 4267 1
644 33796 7077 4427 4459 5872 2
645 33849 4401 5812 5852 5862 2
646 33897 5822 4049 3629 4341 1
647 33954 6747 4361 4507 5862 2
648 34010 4403 3989 4009 5660 2
649 34058 4029 4039 5872 4301 1
650 34108 6747 6094 6142 5862 2
651 34165 4405 4019 4029 4039 2
652 34225 5832 5660 3629 6020 1
653 34273 6747 6086 4449 5862 2
654 34330 6070 5822 5842 5660 2
655 34379 5842 4049 3629 6016 1
656 34434 7077 6072 4495 4039 2
657 34493 4359 5832 4009 5660 2
658 34539 5852 4049 5660 6018 1
659 34587 6747 4379 6138 5660 2
660 34639 4433 4009 5832 3637 2
661 34697 3999 5862 5872 6042 1
662 34742 6747 4405 6142 3645 2
663 34789 6066 3999 4019 4049 2
664 34843 5812 4059 3637 4287 1
665 34893 7077 6084 4523 5862 2
666 34949 6062 5812 5832 3645 2
667 35006 5842 5872 5652 6014 1
668 35065 6747 4363 6156 5872 2
669 35124 6060 4029 4029 4059 2
670 35178 3999 4049 5660 4255 1
671 35228 7077 4421 6144 5652 2
672 35273 4433 3999 5852 3645 2
673 35321 4019 5652 5862 4261 1
674 35380 7077 6072 4527 3637 2
675 35438 4433 4029 5852 3629 2
676 35491 4009 4059 3637 4309 1
677 35539 7077 4361 6164 4059 2
678 35594 6092 5822 5832 5652 2
679 35641 5852 5862 3629 4311 1
680 35700 7077 6068 4495 3629 2
681 35760 4359 4029 5852 5660 2
682 35806 5812 4059 4039 4325 1
683 35857 7077 4421 4497 4059 2
684 35916 4389 4019 3999 3629 2
685 35963 5842 4039 3637 4335 1
686 36011 6747 4357 6134 5652 2
687 36058 4381 5822 3999 4059 2
688 36103 5822 5862 3629 4333 1
689 36152 6747 6066 6142 5660 2
690 36201 6088 4019 5842 5862 2
691 36249 5852 5652 5652 4279 1
692 36299 6747 6090 4497 5872 2
693 36349 4401 4019 4019 4049 2
694 36399 5822 4059 3645 4339 1
695 36459 6747 4437 6170 5862 2
696 36504 6094 4009 5832 3637 2
697 36564 3989 4059 4049 4311 1
698 36614 7077 4359 4451 3629 2
699 36662 4373 3999 4009 4059 2
700 36709 4029 5660 4039 4285 1
701 36766 7077 6060 4499 4049 2
702 36824 4361 5842 4029 3645 2
703 36870 5812 3637 3629 6042 1
704 36925 7077 6088 4525 5660 2
705 36972 6098 5842 4009 5862 2
706 37030 5842 5872 4049 6046 1
707 37087 7077 4383 4449 3629 2
708 37141 6094 5832 4009 4049 2
709 37188 5832 5862 5652 4329 1
710 37247 6747 4401 6156 3637 2
711 37295 4373 5852 5852 4039 2
712 37351 5812 5660 5652 4313 1
713 37406 6747 4351 4471 3637 2
714 37460 4361 5832 3999 4039 2
715 37508 5852 5652 3637 4281 1
716 37564 7077 4435 6156 5862 2
717 37618 4425 5842 3989 3645 2
718 37673 5812 5872 3637 4341 1
719 37728 7077 4409 6140 5660 2
720 37788 4403 5852 4019 5652 2
721 37842 3999 4039 5872 6012 1
722 37894 7077 6062 6138 5872 2
723 37947 6074 5822 5832 3645 2
724 38006 5832 5862 3645 6012 1
725 38058 7077 4397 6138 5652 2
726 38103 4357 5822 5832 5862 2
727 38157 5852 4049 4039 6048 1
728 38211 6747 4385 6142 4039 2
729 38268 6084 5842 4009 4039 2
730 38319 4009 5652 3645 4337 1
731 38364 6747 4399 6168 3629 2
732 38419 6060 4029 5852 4039 2
733 38469 4029 4049 3629 4313 1
734 38525 7077 4423 4449 5872 2
735 38584 6098 5822 3989 4049 2
736 38630 5852 5862 5872 4259 1
737 38678 6747 4349 4473 5660 2
738 38723 4363 5842 5852 3629 2
739 38783 5842 3637 4059 4277 1
740 38840 7077 6062 4477 5862 2
741 38888 6098 5822 3999 4049 2
742 38944 5842 4049 5862 4331 1
743 38999 7077 4401 4455 3637 2
744 39049 4373 5832 4029 5872 2
745 39109 4009 3637 3637 4311 1
746 39157 7077 6096 6134 5862 2
747 39217 4387 5852 5812 4039 2
748 39264 5832 3645 3645 6044 1
749 39314 6747 4397 6136 5872 2
750 39367 4385 5832 4019 5862 2
751 39414 5812 4049 4039 6040 1
752 39462 7077 4411 4501 4039 2
753 39517 4351 4009 4029 3645 2
754 39565 5822 5652 4039 4263 1
755 39610 7077 6072 4483 5660 2
756 39656 6092 3999 5822 5660 2
757 39704 3999 5872 4039 4313 1
758 39754 6747 6074 6168 5660 2
759 39808 6094 5832 5842 4039 2
760 39854 5832 3629 4049 4279 1
761 39900 6747 6086 4449 4059 2
762 39954 6070 5832 4009 4059 2
763 39999 4009 5862 5862 4309 1
764 40054 6747 4361 6564 5652 2
765 40107 4385 5812 5842 3637 2
766 40160 5822 4059 5862 4329 1
767 40217 7077 4361 4477 5872 2
768 40264 6092 4009 5852 5872 2
769 40320 5842 4039 4049 6040 1
770 40380 7077 6060 6146 5872 2
771 40437 4353 4029 5842 5872 2
772 40494 4029 5660 3645 6036 1
773 40541 6747 4387 6142 5872 2
774 40599 4425 4019 5812 3637 2
775 40644 5812 5660 3637 6022 1
776 40701 7077 4437 6134 5862 2
777 40754 6088 3989 5852 5652 2
778 40800 4009 5660 4049 4311 1
779 40860 7077 4407 6160 4049 2
780 40912 6096 4009 5852 5862 2
781 40965 3999 5652 5652 6048 1
782 41016 6747 4401 6144 4039 2
783 41074 4361 5822 5842 4059 2
784 41126 5832 3629 5652 6018 1
785 41185 6747 4381 4479 5660 2
786 41234 4355 4009 5822 5660 2
787 41287 4019 5660 4039 6018 1
788 41340 6747 4407 6146 5862 2
789 41388 4351 4019 4009 3645 2
790 41446 5822 4049 4059 4315 1
791 41502 7077 4361 4453 5862 2
792 41554 4397 5812 5842 5872 2
793 41606 3989 3637 5652 6016 1
794 41653 7077 6068 6166 4059 2
795 41713 6098 5832 3989 5660 2
796 41767 4019 3629 5660 4267 1
797 41826 6747 6088 4469 3637 2
798 41876 4427 5822 4029 3637 2
799 41927 3999 4039 5862 4315 1
800 41975 7077 6098 4447 4059 2
801 42028 6098 5832 5822 3637 2
802 42073 3999 5652 4049 6040 1
803 42127 7077 6088 4529 3637 2
804 42172 6094 5852 5852 5652 2
805 42228 5812 4059 3637 6046 1
806 42277 7077 4379 6142 5652 2
807 42325 6084 3999 4009 5660 2
808 42371 5832 5660 4039 6024 1
809 42426 6747 6066 6166 4049 2
810 42479 4351 4029 4019 4039 2
811 42533 4029 5652 4049 6038 1
812 42581 7077 4381 4499 5660 2
813 42637 4399 5822 4009 4039 2
814 42689 5822 5652 4039 6022 1
815 42747 7077 4351 4479 4039 2
816 42807 4355 5842 4019 5660 2
817 42852 3989 4039 3637 4277 1
818 42907 7077 4361 6170 5660 2
819 42953 6072 5822 4009 4049 2
820 43001 4029 3629 5862 4261 1
821 43061 6747 6066 4507 3645 2
822 43115 4355 5852 5822 4039 2
823 43166 4029 3629 3645 6018 1
824 43225 7077 4389 4451 3629 2
825 43283 6096 5812 4029 3637 2
826 43341 5852 4039 3645 4305 1
827 43389 7077 4429 4507 5872 2
828 43442 4427 5842 4019 5660 2
829 43491 5852 5660 5660 4265 1
830 43546 7077 6086 4493 5652 2
831 43596 6098 3999 5822 5872 2
832 43645 3999 5660 4059 4337 1
833 43697 6747 4383 6156 5862 2
834 43757 4437 5852 5812 4059 2
835 43813 4009 5652 3645 6018 1
836 43862 6747 4377 4527 5652 2
837 43918 4405 5842 5812 3645 2
838 43972 5822 4039 4049 4261 1
839 44031 6747 4349 6132 5652 2
840 44078 6096 5832 3989 3629 2
841 44123 5842 5862 4059 4311 1
842 44177 6747 4407 6162 5660 2
843 44235 4399 3999 5842 5660 2
844 44288 4029 3629 5862 4281 1
845 44348 7077 6064 4473 3645 2
846 44404 6090 4019 4019 4049 2
847 44455 5812 4049 4059 6036 1
848 44508 6747 4435 6156 4049 2
849 44566 4437 5842 4019 3637 2
850 44623 4029 4039 4039 6018 1
851 44675 6747 4379 4481 5660 2
852 44735 6096 5852 5832 3645 2
853 44781 5832 4039 4059 4289 1
854 44833 6747 4383 4447 3629 2
855 44885 6086 3999 5822 4039 2
856 44943 3999 3645 4059 4325 1
857 44999 6747 4389 4483 3637 2
858 45051 6072 4009 4009 4039 2
859 45097 5852 3645 5862 4267 1
860 45150 7077 6084 6162 4049 2
861 45206 4387 4009 3989 5660 2
862 45260 5822 4059 3637 4329 1
863 45315 7077 6074 4453 4049 2
864 45368 4405 5842 5822 5660 2
865 45418 5812 3629 4059 6048 1
866 45469 7077 4437 4459 5660 2
867 45527 4381 5842 5812 3637 2
868 45584 5822 3629 5872 4293 1
869 45643 6747 4389 6166 5660 2
870 45699 4433 5852 5832 5652 2
871 45757 5822 5660 4039 4305 1
872 45809 6747 6070 4505 3629 2
873 45858 6088 4029 4019 4059 2
874 45906 4009 3645 5872 4287 1
875 45964 6747 4359 4503 4049 2
876 46010 6098 5812 5812 4039 2
877 46068 4009 5862 4049 4287 1
878 46117 7077 4387 4445 3645 2
879 46164 4389 4019 3989 5660 2
880 46213 5842 5872 4049 4311 1
881 46270 7077 6094 4479 3645 2
882 46330 6096 3989 4009 3629 2
883 46386 5812 5652 5872 6042 1
884 46443 7077 4433 4447 3637 2
885 46497 4435 5822 3989 3645 2
886 46547 5852 4049 5660 4285 1
887 46600 7077 4363 4503 4049 2
888 46655 6070 5852 5852 3645 2
889 46706 5812 3645 5652 6042 1
890 46754 6747 4409 6146 5862 2
891 46811 4385 3999 5812 5872 2
892 46867 5852 4039 5660 4279 1
893 46914 7077 4385 6136 3637 2
894 46965 4361 4009 5812 4059 2
895 47024 5822 4059 5660 4291 1
896 47073 7077 6072 4501 5652 2
897 47127 6086 5812 4029 3645 2
898 47181 5812 5872 5872 4309 1
899 47229 7077 4423 6166 5652 2
900 47281 4423 4029 5822 5872 2
