1 37 5822 5872 5862 4281 1
2 75 7077 6068 4485 5660 2
3 115 6072 4009 4019 4059 2
4 153 5832 5660 5660 4335 1
5 191 6747 4411 4519 4039 2
6 226 4377 4029 4029 4049 2
7 263 3989 5652 4049 4313 1
8 300 6747 4353 4457 3645 2
9 345 4363 5812 5822 3629 2
10 381 5822 3629 3645 4279 1
11 416 7077 4363 4445 4059 2
12 455 4431 3989 4019 3637 2
13 495 5812 4059 4049 4331 1
14 531 6747 6088 4521 5652 2
15 572 6074 5842 5842 5652 2
16 609 5852 5652 3629 6038 1
17 646 7077 6088 4519 3645 2
18 688 4361 3999 5842 5862 2
19 728 5842 4039 4059 4289 1
20 765 6747 4397 4455 5872 2
21 806 4379 5812 3989 4039 2
22 842 5852 3637 5872 4255 1
23 881 6747 4433 4477 4059 2
24 925 4373 4029 5852 5660 2
25 964 5832 3629 5660 6020 1
26 1003 6747 4373 4519 5862 2
27 1038 6086 3999 5832 3637 2
28 1074 5842 3645 3645 4291 1
29 1113 6747 4381 4449 4059 2
30 1150 4437 4029 3999 5652 2
31 1190 4019 3645 3645 4303 1
32 1227 6747 6092 6136 3629 2
33 1271 6090 4029 4029 5652 2
34 1306 3989 4049 5862 4255 1
35 1344 7077 6096 4523 5862 2
36 1389 4387 5812 5842 3637 2
37 1426 5822 3637 3637 4283 1
38 1466 6747 6060 4449 5652 2
39 1504 4423 3989 4009 5652 2
40 1542 5822 4049 5862 4315 1
41 1581 7077 4389 6564 3645 2
42 1618 4363 5832 5852 4059 2
43 1656 3999 5660 5862 4287 1
44 1692 6747 4429 4457 5872 2
45 1727 6074 3999 3999 5660 2
46 1762 5812 3629 5652 6038 1
47 1798 7077 6072 4453 5652 2
48 1843 4383 3989 3999 5660 2
49 1883 4019 4059 5660 4285 1
50 1923 6747 6062 6168 4039 2
51 1958 4363 3989 3989 3629 2
52 1995 5852 5652 3629 6040 1
53 2032 7077 4435 4517 5862 2
54 2070 4409 4019 4009 4059 2
55 2109 4009 3645 3629 6014 1
56 2147 6747 6068 6170 3645 2
57 2184 6092 3989 5822 5660 2
58 2220 5852 3629 5660 6040 1
59 2259 6747 4435 4445 4059 2
60 2299 6094 5832 3999 5862 2
61 2335 3999 4049 5660 4337 1
62 2374 7077 4361 4457 3645 2
63 2416 6090 4029 3999 4039 2
64 2452 5822 3637 4059 4287 1
65 2491 6747 6062 6164 5862 2
66 2533 6070 4029 4009 3629 2
67 2571 3999 4059 3629 4287 1
68 2607 6747 6090 4469 3629 2
69 2650 4349 4029 5832 3637 2
70 2688 5812 3629 4059 4277 1
71 2723 7077 6086 6564 4049 2
72 2764 6092 5842 3999 4049 2
73 2799 4009 4059 4059 6024 1
74 2837 6747 4421 4451 3645 2
75 2872 6098 5852 3999 5660 2
76 2907 5832 5872 5660 4263 1
77 2942 6747 4363 4445 4049 2
78 2978 4349 5832 3999 5872 2
79 3016 4009 5862 4039 6012 1
80 3055 6747 6062 4521 5862 2
81 3090 4357 5822 3989 5872 2
82 3128 3999 4049 5652 6018 1
83 3168 7077 6096 4471 3637 2
84 3203 4381 5832 4019 5660 2
85 3242 5812 4059 3645 4267 1
86 3278 7077 4427 4499 3645 2
87 3319 4401 4029 4019 5872 2
88 3355 5852 5660 5862 6038 1
89 3393 7077 4427 4507 4049 2
90 3432 4385 5852 4029 3637 2
91 3470 5822 4039 5872 4277 1
92 3505 6747 6092 4507 5652 2
93 3549 4429 5832 4019 4059 2
94 3588 5812 4049 4049 4331 1
95 3623 7077 4421 6136 5862 2
96 3661 4349 4019 5832 3645 2
97 3696 5822 5660 4059 4325 1
98 3731 7077 4377 4483 3645 2
99 3774 4349 5852 5822 5652 2
100 3810 4009 4039 4049 4255 1
101 3849 6747 4403 4529 5652 2
102 3893 4431 5822 4019 5660 2
103 3930 3999 3645 4039 6036 1
104 3965 6747 4387 6142 5660 2
105 4003 4381 5852 5852 4059 2
106 4043 3999 5652 5652 6048 1
107 4079 7077 6098 4477 5872 2
108 4118 4359 4019 4009 5872 2
109 4153 3999 3637 5660 6048 1
110 4193 7077 4363 4527 5872 2
111 4238 4403 5842 4009 3629 2
112 4273 5822 3645 4059 4313 1
113 4313 7077 4401 4469 4039 2
114 4348 6064 5822 3999 5862 2
115 4383 5842 4039 5652 4307 1
116 4420 7077 6064 4523 5652 2
117 4462 4349 4009 4019 4059 2
118 4500 5812 3637 3637 4311 1
119 4536 7077 4407 6158 4039 2
120 4577 6060 3989 3999 4039 2
121 4616 5832 4059 3637 6024 1
122 4651 7077 4407 6136 5872 2
123 4688 6092 5832 5832 3645 2
124 4727 5852 3637 4059 4307 1
125 4765 7077 6068 6170 4049 2
126 4802 4383 5832 4029 5872 2
127 4842 3999 5652 5872 6024 1
128 4879 7077 4357 4525 5660 2
129 4922 6096 5842 3989 5652 2
130 4959 5822 5660 4039 4281 1
131 4998 6747 4403 6564 5872 2
132 5034 4403 5852 4029 3629 2
133 5073 3999 4059 5660 6038 1
134 5112 7077 6090 6132 5872 2
135 5155 4409 5842 4009 5872 2
136 5193 5842 5862 5872 6038 1
137 5230 6747 6064 4479 3645 2
138 5273 4411 4019 5832 4059 2
139 5308 5832 5652 4049 4261 1
140 5348 7077 4363 6168 4039 2
141 5390 4389 5832 4019 4059 2
142 5425 5842 3645 5652 6012 1
143 5464 7077 6084 4529 4059 2
144 5504 6088 3989 3999 3637 2
145 5542 5852 4049 3645 4303 1
146 5582 7077 6060 6566 5862 2
147 5625 6094 4009 5832 5872 2
148 5662 3999 3645 5652 6012 1
149 5702 6747 6060 6134 4059 2
150 5745 4357 5832 4009 5862 2
151 5784 5812 4059 5660 4339 1
152 5823 6747 4379 4455 3645 2
153 5859 6094 5852 5832 3629 2
154 5894 3989 3645 4049 4285 1
155 5931 7077 6070 4497 5862 2
156 5973 4421 5852 5832 5652 2
157 6012 3989 5660 5660 4283 1
158 6052 7077 6088 6564 3637 2
159 6091 4355 5832 5852 4059 2
160 6127 4009 5652 3637 4315 1
161 6164 6747 6068 4493 3645 2
162 6205 4373 3989 3999 5660 2
163 6241 3989 3645 5872 6024 1
164 6279 7077 4373 4519 4049 2
165 6315 4433 3989 3999 3645 2
166 6354 4029 5660 3637 4259 1
167 6393 6747 6088 4447 5862 2
168 6428 4387 4019 3999 4059 2
169 6464 5852 5862 4059 6036 1
170 6503 7077 4355 6162 4049 2
171 6538 6074 4029 5822 3637 2
172 6577 4009 5660 4049 4277 1
173 6613 6747 4407 6142 4059 2
174 6657 4429 5852 5852 5872 2
175 6694 4019 5862 3637 6044 1
176 6731 7077 4357 4485 5862 2
177 6772 4403 4019 5812 5872 2
178 6810 3989 3637 5872 4315 1
179 6848 6747 6062 4497 5652 2
180 6885 4433 4009 5812 5862 2
181 6925 5832 5660 5872 6038 1
182 6960 7077 6084 4497 5862 2
183 7005 6090 3999 5812 3645 2
184 7042 5812 4049 5660 4305 1
185 7078 6747 4359 6146 5872 2
186 7123 4427 3999 5832 3645 2
187 7161 4029 3629 4059 4253 1
188 7197 7077 4407 4505 5660 2
189 7234 4437 4019 5832 5660 2
190 7274 5842 5652 4059 4253 1
191 7313 7077 4433 4517 5862 2
192 7350 4381 3999 5812 5652 2
193 7389 3999 3629 3629 4291 1
194 7424 7077 4357 4459 3645 2
195 7468 4407 5842 5812 4059 2
196 7503 4009 5872 5652 4333 1
197 7540 7077 4397 6136 3629 2
198 7584 4381 5832 3989 5652 2
199 7621 5842 5660 5652 4315 1
200 7660 7077 4425 6168 5872 2
201 7696 4355 5852 5822 4059 2
202 7735 3999 5872 4059 4309 1
203 7773 6747 4363 4449 4049 2
204 7815 6084 5812 5822 5660 2
205 7852 4009 3629 5652 4313 1
206 7892 6747 6062 6160 5660 2
207 7932 4425 3999 3999 4059 2
208 7969 5822 3629 5652 6018 1
209 8004 7077 4401 4475 5652 2
210 8044 4387 5842 5832 4059 2
211 8082 3989 4049 3645 6012 1
212 8118 7077 4383 4455 5652 2
213 8157 4435 3989 4019 5652 2
214 8197 4019 5862 5652 6016 1
215 8235 6747 6084 6168 5862 2
216 8277 4411 3989 4019 3645 2
217 8317 3999 3645 4039 6018 1
218 8355 7077 6068 6170 4049 2
219 8392 4433 5852 5812 5862 2
220 8428 5852 4049 3645 6014 1
221 8465 6747 4409 4499 5872 2
222 8502 4425 5822 5832 5872 2
223 8541 3999 5862 4059 4335 1
224 8581 6747 4407 6566 4039 2
225 8625 4425 5842 5842 5862 2
226 8661 5822 5862 3645 4341 1
227 8700 6747 6098 4503 5872 2
228 8742 4435 4009 4029 3629 2
229 8782 5812 5652 4049 4259 1
230 8821 6747 6092 6566 5652 2
231 8857 4425 4029 3999 3629 2
232 8894 5852 5652 3637 4261 1
233 8934 7077 4399 4475 5862 2
234 8977 6096 5852 5842 3629 2
235 9013 3989 5862 5660 4265 1
236 9050 6747 6066 6132 4059 2
237 9088 4375 3999 5852 4059 2
238 9126 5842 3637 5652 4289 1
239 9162 7077 6070 4521 3637 2
240 9205 6096 4009 4019 3629 2
241 9240 5852 3637 3645 4279 1
242 9279 7077 6066 6168 5660 2
243 9315 4351 5832 5842 5652 2
244 9350 5852 5862 5872 4261 1
245 9386 6747 6086 4529 5660 2
246 9424 4401 5822 3989 4059 2
247 9459 4009 5862 3629 4313 1
248 9494 7077 4433 6160 3645 2
249 9529 6092 5842 5852 4039 2
250 9568 4009 4049 3645 6012 1
251 9604 6747 6068 4483 5862 2
252 9644 4401 4009 4019 4039 2
253 9684 4029 4049 5652 4339 1
254 9719 7077 4349 4525 3629 2
255 9754 4379 3999 4009 4039 2
256 9790 5842 4049 5862 6042 1
257 9825 6747 4349 6156 5660 2
258 9863 4399 4009 5832 3637 2
259 9903 4009 3637 4049 6046 1
260 9938 6747 4377 4523 3645 2
261 9977 4357 5842 4019 3645 2
262 10012 5822 4039 5652 4303 1
263 10052 7077 4359 4453 4059 2
264 10087 4409 4029 4029 3629 2
265 10125 5852 5872 4059 6022 1
266 10164 7077 6088 6160 5660 2
267 10204 4359 5812 3999 4039 2
268 10243 5852 3637 5652 4255 1
269 10282 6747 6098 4477 5652 2
270 10323 4433 5812 5812 3637 2
271 10358 4029 4059 4059 6050 1
272 10398 6747 6072 4493 3645 2
273 10435 4433 5832 3999 4039 2
274 10473 3999 5652 5862 6012 1
275 10513 7077 6072 6168 4059 2
276 10553 4421 4009 4019 5862 2
277 10591 4009 4059 5660 4253 1
278 10629 7077 4403 4455 4049 2
279 10667 4379 3989 3999 5872 2
280 10705 5842 3637 5862 6024 1
281 10744 6747 4409 4527 4059 2
282 10782 6090 3999 5812 3645 2
283 10820 5842 3637 4039 6014 1
284 10858 7077 6064 6144 3637 2
285 10897 6064 5822 5812 5872 2
286 10935 3989 4059 4049 4261 1
287 10974 7077 4429 4457 5872 2
288 11018 4361 5842 5812 5862 2
289 11058 3989 5862 4039 4313 1
290 11094 6747 4361 6146 4059 2
291 11136 6098 5842 5832 5652 2
292 11176 5822 5872 5660 4267 1
293 11212 6747 6062 6156 4039 2
294 11251 4375 4029 3989 5660 2
295 11288 5812 5652 3629 6036 1
296 11325 6747 4381 4459 3645 2
297 11365 4411 4019 4029 5660 2
298 11400 5832 3637 5660 4261 1
299 11440 6747 4431 6164 4049 2
300 11481 4397 5812 5812 5660 2
301 11519 3999 5652 5652 4263 1
302 11557 6747 6060 6132 4049 2
303 11602 6068 5852 4009 3637 2
304 11638 4029 3637 5862 4341 1
305 11678 7077 6064 6160 3637 2
306 11721 4357 4009 4029 4049 2
307 11756 5852 3629 5872 6014 1
308 11793 7077 4429 6146 4039 2
309 11834 6092 3999 4009 4059 2
310 11869 4029 5872 4049 4261 1
311 11909 6747 4433 6132 5862 2
312 11952 6084 5822 5812 3637 2
313 11990 3989 5862 5862 4315 1
314 12025 6747 6084 4445 4039 2
315 12067 4351 3989 5812 4049 2
316 12103 3999 5660 5872 4303 1
317 12142 7077 4401 4527 5862 2
318 12184 6084 5842 5812 3637 2
319 12219 5842 5660 5660 4279 1
320 12258 6747 4351 4447 5652 2
321 12300 4355 4009 3999 5652 2
322 12336 3999 5660 4059 6036 1
323 12375 7077 6072 6146 3637 2
324 12411 4407 3999 5832 5872 2
325 12447 5832 3637 3637 4267 1
326 12487 7077 4405 4485 4059 2
327 12532 4387 4029 3989 4049 2
328 12568 5842 4049 3629 6020 1
329 12605 7077 4359 4495 4049 2
330 12642 6064 5832 4019 5872 2
331 12677 4019 4059 5872 4259 1
332 12712 6747 4361 6142 4039 2
333 12748 6084 3989 4029 5652 2
334 12785 5812 5660 5872 4265 1
335 12821 6747 4375 4447 4039 2
336 12856 6072 5812 4009 4059 2
337 12895 3999 3637 5862 4333 1
338 12930 7077 4403 4505 4039 2
339 12968 4403 5812 5832 5652 2
340 13007 5832 4059 5872 4305 1
341 13046 6747 6064 4445 5660 2
342 13082 6094 3989 4009 4039 2
343 13117 4019 5862 3629 6044 1
344 13157 7077 4437 6156 3645 2
345 13201 6066 5812 5842 5652 2
346 13238 5812 5660 5872 4293 1
347 13276 6747 4379 4517 3629 2
348 13314 4409 5852 4009 5660 2
349 13352 4029 5872 4059 4291 1
350 13392 7077 4357 6142 5872 2
351 13435 6088 3989 5852 4039 2
352 13472 4019 5862 3645 4253 1
353 13511 7077 6064 4477 5660 2
354 13549 4375 4009 3999 5872 2
355 13588 3999 5872 4039 4253 1
356 13625 7077 4349 4529 5862 2
357 13662 4437 4029 5832 4049 2
358 13700 4009 4059 5660 4313 1
359 13735 6747 4421 4477 5652 2
360 13771 4361 5852 4019 4059 2
361 13808 5832 5862 3629 4307 1
362 13847 7077 4401 4529 5872 2
363 13883 4361 4019 4029 4059 2
364 13923 4009 5652 5652 4307 1
365 13960 6747 4397 4503 5660 2
366 13998 4405 4019 4009 4059 2
367 14034 3989 5862 5660 4315 1
368 14070 7077 4409 6170 5872 2
369 14109 4411 4009 4019 5872 2
370 14148 5832 5862 3629 6042 1
371 14187 7077 4431 4507 5872 2
372 14228 6068 5832 3989 4059 2
373 14266 3999 4039 3645 4313 1
374 14306 7077 4423 4505 5660 2
375 14348 6086 5822 4029 5862 2
376 14386 5852 3637 4059 4289 1
377 14421 7077 4407 4503 4049 2
378 14463 6086 5832 5842 4049 2
379 14499 3999 3629 5872 4309 1
380 14535 6747 6096 4519 3629 2
381 14580 4363 5832 5842 3629 2
382 14616 4029 5872 5872 4341 1
383 14652 7077 4383 4449 3645 2
384 14693 4411 5842 4029 4039 2
385 14730 4029 4059 5862 6038 1
386 14765 6747 4429 6564 5660 2
387 14802 6094 3989 5852 5660 2
388 14838 5812 3637 5660 4315 1
389 14873 7077 4381 4485 5660 2
390 14916 6094 5822 5852 5872 2
391 14954 5842 4049 5862 6036 1
392 14994 7077 6070 4469 4049 2
393 15033 6064 3989 5822 4039 2
394 15073 3999 4059 4039 4311 1
395 15113 6747 4349 6144 4059 2
396 15156 4409 4019 5842 5652 2
397 15191 5842 4049 3629 4285 1
398 15226 7077 6060 4451 3645 2
399 15263 4387 3989 4009 3629 2
400 15302 5842 4039 3645 4261 1
401 15337 6747 4403 6168 5872 2
402 15380 6060 5852 4009 3645 2
403 15420 5812 5872 3629 6024 1
404 15457 7077 6096 4481 5652 2
405 15500 4437 4019 5822 5660 2
406 15537 5812 4049 5652 4315 1
407 15574 7077 6092 6138 3637 2
408 15619 6086 3989 4029 3629 2
409 15659 3999 3629 3629 4255 1
410 15696 6747 4349 6144 3637 2
411 15738 4375 4029 5812 4039 2
412 15775 4009 4049 5862 6018 1
413 15810 7077 4357 6166 5660 2
414 15854 6066 4029 5852 5652 2
415 15889 4029 4049 4039 6022 1
416 15924 7077 4437 4503 4049 2
417 15965 4437 4019 5822 3637 2
418 16004 5812 3637 3637 4279 1
419 16039 6747 6098 4519 3645 2
420 16074 4427 5852 5842 3645 2
421 16110 5822 5872 4039 4277 1
422 16145 6747 4429 4457 4049 2
423 16181 6092 4019 5812 3637 2
424 16218 4029 3637 3629 4289 1
425 16255 7077 4405 6166 5862 2
426 16295 4429 3989 3989 5872 2
427 16332 5832 5872 5660 4331 1
428 16367 6747 4421 6134 5660 2
429 16412 4431 3989 5812 3645 2
430 16450 5812 3629 4039 4287 1
431 16489 6747 6068 6156 4039 2
432 16524 4373 3989 4019 3645 2
433 16563 3999 3629 5872 4289 1
434 16601 7077 4429 4495 4059 2
435 16643 6066 5832 4029 4059 2
436 16681 3999 4039 5872 4261 1
437 16721 6747 6064 4457 5660 2
438 16766 4401 3999 4019 5660 2
439 16801 5822 5862 3629 4325 1
440 16840 6747 6086 6142 3629 2
441 16879 4377 3989 4009 4059 2
442 16915 4019 5660 5862 4257 1
443 16955 7077 4429 4485 4049 2
444 16996 4363 5832 3999 3629 2
445 17034 4019 5660 5872 6046 1
446 17071 6747 4349 6158 3645 2
447 17107 4437 5852 4009 5660 2
448 17143 5842 3629 5660 4325 1
449 17181 6747 4357 4485 5872 2
450 17222 4389 4009 5822 3629 2
451 17260 4019 3629 3645 4265 1
452 17299 7077 4349 6162 5862 2
453 17338 4375 3989 5832 3645 2
454 17376 4029 5862 4059 6050 1
455 17414 6747 6060 6140 4049 2
456 17458 6086 5822 5812 4039 2
457 17496 3999 3629 5862 6018 1
458 17533 6747 4359 6166 5862 2
459 17571 4361 5812 3989 5872 2
460 17611 5812 5862 3629 4313 1
461 17646 7077 4437 4493 4059 2
462 17687 6060 4019 4029 3637 2
463 17724 5852 4059 5872 4309 1
464 17763 7077 6084 4473 5862 2
465 17799 6088 5832 5842 3645 2
466 17836 4019 4039 3629 4285 1
467 17872 7077 6088 6160 3629 2
468 17912 4397 4009 3989 3637 2
469 17950 3999 5660 3629 6012 1
470 17985 6747 4359 6164 5652 2
471 18030 6094 3999 5832 5652 2
472 18068 5832 3629 3645 4253 1
473 18108 7077 6090 6140 3645 2
474 18148 6096 5852 3999 5652 2
475 18187 4009 4049 3629 4339 1
476 18223 7077 4433 6134 5652 2
477 18263 6062 4009 5832 5862 2
478 18300 5842 3637 4059 4331 1
479 18339 7077 6068 4459 3645 2
480 18376 4433 4019 5822 4059 2
481 18413 5852 5872 3645 4283 1
482 18452 6747 4359 6132 5660 2
483 18488 4437 4009 5852 3645 2
484 18525 3999 5872 5652 4325 1
485 18565 7077 4425 4473 4049 2
486 18609 4421 5852 5832 5660 2
487 18644 5842 5660 3637 4263 1
488 18681 6747 4427 6170 5660 2
489 18721 4407 4029 5832 3645 2
490 18758 4029 5652 5652 6046 1
491 18798 6747 4425 4497 5872 2
492 18842 6066 5852 5832 5862 2
493 18879 4009 4039 3629 6016 1
494 18916 6747 4385 4481 3629 2
495 18951 4373 4019 3999 4049 2
496 18989 4029 4059 5660 6012 1
497 19026 7077 6064 4453 3629 2
498 19063 4377 5832 3999 3629 2
499 19099 3989 5862 5660 4335 1
500 19138 6747 6062 4447 4059 2
501 19177 4407 5852 4029 4039 2
502 19215 3989 4039 5862 4303 1
503 19252 7077 6062 4497 3637 2
504 19292 4377 4009 5832 4059 2
505 19332 5832 5660 5652 4339 1
506 19367 6747 4359 6144 5660 2
507 19403 6096 3989 5852 4039 2
508 19441 5842 4049 3637 4281 1
509 19478 7077 6072 4473 5872 2
510 19514 6084 5842 4029 4059 2
511 19550 5822 4049 5872 4285 1
512 19586 6747 4355 4493 5862 2
513 19623 4351 5812 5812 3629 2
514 19663 5852 3637 4039 4255 1
515 19702 6747 6074 6136 3637 2
516 19743 6072 5822 4029 4059 2
517 19780 5842 5872 4039 4265 1
518 19816 6747 6090 4501 5872 2
519 19855 4355 5822 5852 3637 2
520 19893 4019 4049 5862 6026 1
521 19932 7077 6098 6146 5660 2
522 19974 6062 4029 5842 5660 2
523 20010 3999 3637 3645 6050 1
524 20045 6747 6060 4447 5872 2
525 20083 4401 3999 4019 5862 2
526 20120 4019 3645 5872 4333 1
527 20159 7077 4349 6158 3629 2
528 20200 4381 4009 3989 3629 2
529 20236 5832 5660 4049 6012 1
530 20271 7077 4361 6162 4059 2
531 20306 4373 5832 3989 4039 2
532 20343 5832 5652 3645 6038 1
533 20381 6747 4437 6138 4059 2
534 20422 6094 4019 4029 3645 2
535 20459 3989 4049 3637 6038 1
536 20497 6747 4349 4497 3629 2
537 20538 6068 5832 4009 5652 2
538 20577 5812 4059 3637 4255 1
539 20614 6747 4425 4503 5872 2
540 20652 4349 3989 4009 4039 2
541 20689 3999 5660 4039 4339 1
542 20729 6747 6090 6566 4039 2
543 20772 4351 5842 5852 4039 2
544 20808 5852 5652 5660 4291 1
545 20846 6747 4409 4521 5652 2
546 20888 4423 5822 4009 5872 2
547 20923 4029 4059 3645 4331 1
548 20961 7077 4351 6166 5862 2
549 21006 4401 5812 4009 5652 2
550 21046 5842 3629 3629 6036 1
551 21085 6747 6096 4527 5862 2
552 21128 6070 5852 5832 3645 2
553 21167 4019 3637 5652 4305 1
554 21207 7077 4361 4475 3629 2
555 21243 4409 5842 4019 5652 2
556 21282 5812 3629 4049 6040 1
557 21317 6747 4433 6166 3645 2
558 21352 4397 5842 5812 3629 2
559 21388 5832 4059 5872 4339 1
560 21426 6747 4407 6564 5660 2
561 21463 6072 4009 4019 3637 2
562 21500 5812 4039 5660 4265 1
563 21538 7077 4435 6158 3645 2
564 21576 4407 4029 4029 3629 2
565 21611 3999 5652 3645 6018 1
566 21647 7077 6088 4471 5652 2
567 21692 6092 3989 5832 3637 2
568 21728 4009 5660 3637 6022 1
569 21763 7077 6070 6158 5652 2
570 21807 4437 4019 5822 3645 2
571 21844 4029 4039 3637 4301 1
572 21884 7077 4397 4517 5862 2
573 21926 4403 5852 5822 4049 2
574 21965 5842 5660 3645 6020 1
575 22005 6747 4377 6160 4039 2
576 22048 4353 4019 5852 3645 2
577 22084 5832 5660 4039 4303 1
578 22122 7077 6072 4459 3629 2
579 22165 6088 5842 4009 5652 2
580 22201 3989 3645 5872 4335 1
581 22240 6747 6070 4499 3629 2
582 22284 4363 4019 5822 5660 2
583 22323 4019 3645 4049 4305 1
584 22363 7077 4353 4473 5862 2
585 22399 4403 5852 5842 4039 2
586 22438 3999 4049 5660 6024 1
587 22478 6747 6090 6146 5862 2
588 22515 6066 4009 5812 5862 2
589 22555 4009 4049 5660 4333 1
590 22592 6747 4381 6564 3645 2
591 22633 6068 5812 3999 5872 2
592 22671 5822 5862 4039 4325 1
593 22708 6747 4401 4493 5872 2
594 22743 4381 3989 4009 3637 2
595 22783 3989 5862 5872 4327 1
596 22821 7077 6074 4447 3645 2
597 22865 4421 3999 5832 4059 2
598 22903 5842 4059 5862 4291 1
599 22938 7077 6064 6164 4049 2
600 22974 6072 5852 3989 3629 2
601 23010 5832 5862 5872 4315 1
602 23050 7077 4437 4479 4059 2
603 23093 6066 5832 5842 5872 2
604 23132 3989 4039 4049 4301 1
605 23167 6747 6092 4505 5862 2
606 23207 4385 4019 4019 5872 2
607 23245 3999 3645 5660 4337 1
608 23285 6747 4423 4507 3645 2
609 23323 4403 3989 5852 4049 2
610 23362 5832 4049 4049 4339 1
611 23400 7077 4373 6168 5660 2
612 23436 6060 5812 5822 5862 2
613 23476 3989 5872 5660 4311 1
614 23516 7077 6072 4457 3629 2
615 23554 6094 3989 3989 5660 2
616 23589 4029 4059 3645 4277 1
617 23626 6747 4435 4445 4049 2
618 23666 4425 4009 5812 5652 2
619 23705 4009 5652 4059 6038 1
620 23743 7077 6072 6132 4049 2
621 23785 6068 5832 3999 3629 2
622 23820 5852 3637 3637 4255 1
623 23858 7077 6074 6144 3645 2
624 23894 4351 4009 5832 4039 2
625 23932 3989 5652 3645 4285 1
626 23967 6747 4349 4503 5872 2
627 24003 4373 4009 5852 5660 2
628 24038 3999 5652 5872 4335 1
629 24076 7077 4373 6160 5660 2
630 24120 6074 5832 5852 5652 2
631 24160 5832 5660 5652 6036 1
632 24199 7077 4411 4517 3629 2
633 24236 4383 4029 3999 3645 2
634 24272 4019 4049 4059 4313 1
635 24307 6747 6074 6146 4049 2
636 24350 4389 5832 4029 3645 2
637 24388 3989 5652 5862 4309 1
638 24428 6747 6098 4519 5872 2
639 24465 4405 3989 3999 5872 2
640 24501 4009 4059 5652 4253 1
641 24537 7077 4349 6142 3645 2
642 24572 4383 5822 4019 3637 2
643 24607 3999 5660 5660 4259 1
644 24642 6747 4377 6136 5872 2
645 24682 4429 3999 5842 5652 2
646 24721 3989 4039 4059 4305 1
647 24760 7077 4397 4469 4039 2
648 24798 6096 5822 4019 4059 2
649 24836 4029 5652 4039 4337 1
650 24872 7077 4427 6168 5862 2
651 24910 4427 3989 3989 5652 2
652 24949 4019 3645 3637 4307 1
653 24987 6747 4377 6140 3637 2
654 25030 6096 5812 3999 4059 2
655 25069 3989 3629 5660 6036 1
656 25106 7077 4379 6158 3629 2
657 25147 4431 5832 5822 5660 2
658 25186 4019 5652 5862 4311 1
659 25224 6747 4379 4501 4059 2
660 25262 6090 4009 3999 5652 2
661 25298 4019 4039 5660 4261 1
662 25337 7077 4359 4521 3637 2
663 25378 6088 5812 5842 5872 2
664 25413 3999 4059 4059 4263 1
665 25449 7077 6094 4495 3637 2
666 25484 6068 5852 5852 3645 2
667 25520 5832 4059 3645 6048 1
668 25557 7077 4381 6146 5862 2
669 25602 4411 3999 5852 3637 2
670 25639 5822 4039 3645 4255 1
671 25677 6747 4357 6168 5862 2
672 25722 4353 3989 4019 5862 2
673 25759 5842 4059 3629 4261 1
674 25797 7077 6092 6162 5660 2
675 25837 4359 3989 3999 3645 2
676 25874 4019 4049 3629 4301 1
677 25909 6747 6068 4477 4039 2
678 25946 6092 5822 5812 4059 2
679 25986 4029 4039 3637 4257 1
680 26021 6747 4387 4481 4049 2
681 26065 4351 3999 4019 5652 2
682 26105 5832 4049 4049 6046 1
683 26142 6747 6094 4447 4039 2
684 26181 4375 4029 5852 4049 2
685 26217 5852 5652 4039 6026 1
686 26252 6747 4355 4469 3645 2
687 26292 6074 4019 5852 4049 2
688 26332 3989 3629 3637 4337 1
689 26372 7077 6060 4529 5660 2
690 26413 6096 5852 3989 3637 2
691 26450 5852 5652 4039 4267 1
692 26488 6747 4397 4503 3629 2
693 26532 4357 5822 3989 5652 2
694 26572 4019 5862 5862 6012 1
695 26607 7077 6066 4529 5660 2
696 26651 6070 4019 3999 5872 2
697 26690 4029 5660 3629 4335 1
698 26729 6747 6098 6564 5652 2
699 26767 4349 4019 4029 4049 2
700 26807 5832 5862 4049 4253 1
701 26845 7077 4381 4485 3637 2
702 26888 4375 3989 4009 5872 2
703 26925 5822 5872 4039 4267 1
704 26964 6747 4399 4451 5660 2
705 27006 4359 3989 5832 4039 2
706 27041 5832 3629 3645 4331 1
707 27079 7077 4373 4497 3629 2
708 27124 4435 5822 5822 4039 2
709 27161 5822 4039 3637 4293 1
710 27200 7077 4427 4445 5862 2
711 27238 6060 4009 3989 5862 2
712 27275 3999 5872 4049 4309 1
713 27311 7077 6096 4507 5872 2
714 27350 4411 4019 3989 3637 2
715 27386 5842 5660 4059 6020 1
716 27422 7077 4363 4447 5652 2
717 27464 6066 4019 5842 3629 2
718 27504 4019 4059 4049 4313 1
719 27543 6747 4349 6170 3629 2
720 27586 4353 4029 5832 5872 2
721 27623 5822 4039 5872 6036 1
722 27663 7077 6074 6142 5652 2
723 27702 6084 3989 5852 5652 2
724 27739 3989 3645 4059 6038 1
725 27777 7077 4375 4475 4059 2
726 27813 6098 4019 4009 4039 2
727 27848 3989 4059 5652 4287 1
728 27886 6747 4373 4447 3645 2
729 27922 6094 5842 3989 4049 2
730 27960 4019 4049 3645 4283 1
731 27996 6747 4423 4499 4059 2
732 28032 4437 3999 5832 5652 2
733 28068 5832 3629 4049 6024 1
734 28106 7077 6068 4447 3637 2
735 28151 4427 4019 4009 5872 2
736 28189 3999 5652 4039 4255 1
737 28224 7077 4381 4459 4049 2
738 28266 6070 3989 5812 3645 2
739 28303 3989 5872 4059 6038 1
740 28340 6747 4353 6138 4059 2
741 28375 6060 5812 5812 3629 2
742 28413 5852 3645 3629 4307 1
743 28448 6747 4385 4471 3637 2
744 28489 6084 4019 5852 3637 2
745 28529 5812 3637 4059 6040 1
746 28569 6747 6060 4451 4059 2
747 28614 6062 5852 5842 3645 2
748 28652 5812 5660 5862 4261 1
749 28692 7077 6088 4447 5872 2
750 28734 4403 5842 4019 5862 2
751 28774 5812 5862 4049 4257 1
752 28813 7077 4381 4455 5872 2
753 28848 4429 4019 4009 3629 2
754 28887 4029 3637 3629 4261 1
755 28925 7077 6084 4519 4049 2
756 28961 4429 5822 5852 3645 2
757 29000 4029 3629 5652 4307 1
758 29037 7077 4425 4451 5862 2
759 29076 4357 5852 5852 4039 2
760 29111 5812 5862 5862 4313 1
761 29146 6747 4427 4457 4059 2
762 29190 4377 5852 3989 3629 2
763 29229 5852 4049 3629 6014 1
764 29267 7077 6068 4471 5660 2
765 29306 4353 4009 4009 4049 2
766 29346 3999 5652 4059 4303 1
767 29385 7077 4363 4485 4039 2
768 29425 4425 4029 5842 4059 2
769 29465 3989 5660 4039 4325 1
770 29503 7077 4353 6168 3645 2
771 29540 4409 3999 5822 3629 2
772 29580 4019 3637 4039 4255 1
773 29620 6747 6096 6564 5652 2
774 29657 6070 4019 4009 5872 2
775 29692 4029 4039 5660 6036 1
776 29730 6747 4363 4493 4039 2
777 29766 6070 5832 5852 4059 2
778 29806 3989 5872 5872 4307 1
779 29841 7077 6068 6142 5652 2
780 29876 4435 5852 4029 4039 2
781 29916 4009 4039 3645 4257 1
782 29954 7077 6070 4469 5862 2
783 29989 4363 3989 4019 5652 2
784 30024 4019 5652 5660 6046 1
785 30063 6747 4355 4503 4059 2
786 30098 4357 4009 3989 5660 2
787 30134 4019 4039 5862 6022 1
788 30174 7077 4389 6566 3645 2
789 30217 4431 5812 4009 4059 2
790 30252 5852 5872 5652 6038 1
791 30289 6747 4397 4481 4039 2
792 30332 6098 4019 5852 5660 2
793 30372 5812 4039 5872 4331 1
794 30412 6747 6096 6158 4059 2
795 30453 4407 5812 5832 3637 2
796 30490 5842 3629 5660 4315 1
797 30525 6747 4353 4527 5862 2
798 30568 4349 4029 4029 5872 2
799 30607 4019 4039 3629 4313 1
800 30645 6747 6098 4501 4049 2
801 30689 4411 5852 4019 3637 2
802 30729 4029 3645 5862 4315 1
803 30769 6747 6074 4505 4049 2
804 30805 6066 4029 5842 5652 2
805 30843 5842 4059 4059 6016 1
806 30883 7077 6088 6146 4049 2
807 30927 6088 5852 4029 4049 2
808 30967 4009 5660 4059 4267 1
809 31002 6747 4381 6138 3637 2
810 31037 4437 5822 5812 4059 2
811 31074 4009 5872 3629 4257 1
812 31114 7077 4425 6134 5660 2
813 31153 4433 3999 5832 3637 2
814 31189 3989 3645 3637 6020 1
815 31226 7077 4403 4453 3637 2
816 31269 4431 5852 5822 4039 2
817 31309 5852 5660 4039 4283 1
818 31349 7077 6068 6142 3629 2
819 31388 4383 4019 5832 4039 2
820 31428 4019 5862 3645 4339 1
821 31464 6747 6072 6566 4039 2
822 31504 4359 5822 5812 3629 2
823 31541 4029 3645 4059 4325 1
824 31578 7077 6068 4523 5660 2
825 31621 4399 4029 3999 3645 2
826 31656 4009 3645 5660 4257 1
827 31691 6747 6070 6160 5652 2
828 31731 4349 5842 3999 4039 2
829 31766 3989 5660 4049 6046 1
830 31802 7077 4351 6142 5872 2
831 31846 4381 4009 4029 3637 2
832 31881 5822 5872 5652 4267 1
833 31920 7077 4427 4457 3629 2
834 31956 6074 5812 4009 3637 2
835 31991 4019 5862 4049 4309 1
836 32030 6747 6088 4519 3629 2
837 32067 4375 5842 5822 3629 2
838 32104 5852 3645 5872 4277 1
839 32140 6747 6094 4497 4049 2
840 32185 4429 4009 3989 3637 2
841 32222 5812 5872 4059 4293 1
842 32257 6747 4375 6168 3637 2
843 32300 4357 5812 5822 5652 2
844 32336 5842 4039 3629 4291 1
845 32371 7077 4431 6132 5660 2
846 32406 4407 5812 4029 5660 2
847 32443 3999 5652 4049 4291 1
848 32478 7077 4409 4517 4059 2
849 32518 4349 4029 5852 4059 2
850 32558 4029 3629 4059 6026 1
851 32597 6747 4379 6164 3645 2
852 32632 4397 5852 4009 3637 2
853 32668 5832 3637 3629 4261 1
854 32705 6747 4389 4499 5652 2
855 32744 4423 5822 5812 3645 2
856 32780 5812 4049 4039 4255 1
857 32820 7077 4353 6142 4059 2
858 32855 4427 3989 5842 4049 2
859 32890 3989 4049 3637 4337 1
860 32930 7077 6084 6146 5872 2
861 32974 4361 3999 3989 5862 2
862 33009 5842 4059 5660 4337 1
863 33044 6747 4435 6164 5872 2
864 33082 4349 4029 3989 5652 2
865 33121 4019 3629 3637 4285 1
866 33158 7077 6062 4523 4059 2
867 33202 6086 5832 5832 5872 2
868 33237 4019 5872 4039 4325 1
869 33274 7077 4423 4485 4039 2
870 33311 4355 4009 5832 4039 2
871 33347 4029 4049 4049 4287 1
872 33387 7077 6088 4525 4059 2
873 33430 6060 4029 4029 4049 2
874 33469 5822 5652 5652 6040 1
875 33505 7077 4401 6138 5652 2
876 33550 4349 5812 3999 4039 2
877 33589 3999 5660 3629 4287 1
878 33627 6747 6064 4457 5652 2
879 33662 6094 5832 4009 3637 2
880 33697 3989 3645 4039 4335 1
881 33735 7077 4361 4525 5652 2
882 33777 4357 3989 4019 5652 2
883 33816 4009 3645 3637 6026 1
884 33852 6747 6094 6566 4039 2
885 33890 4423 5812 4009 5652 2
886 33926 5842 5862 4039 4315 1
887 33965 6747 4409 6166 3645 2
888 34003 6066 3989 5822 3637 2
889 34042 5822 3629 4039 4331 1
890 34079 7077 4375 4471 3637 2
891 34120 6060 5812 5822 5652 2
892 34158 4019 3645 3629 4287 1
893 34193 7077 4431 6134 4049 2
894 34229 4425 5832 5832 5862 2
895 34265 5812 4059 4039 6044 1
896 34301 7077 6096 4529 3645 2
897 34343 4363 5842 5832 5862 2
898 34382 4019 4059 5872 4331 1
899 34418 6747 4435 6142 4049 2
900 34457 4373 5852 5842 4049 2
