1 32 5852 3637 5652 4313 1
2 79 7077 6084 4455 5652 2
3 119 6096 4029 4019 4049 2
4 160 5842 5652 4039 4329 1
5 190 6747 4349 4481 5660 2
6 228 6062 5812 4019 3645 2
7 258 4019 4049 5652 4305 1
8 304 6747 4405 6166 5862 2
9 343 6070 4009 3999 3629 2
10 385 5832 3645 3645 6048 1
11 416 7077 4377 4453 4059 2
12 449 4349 5852 5812 4059 2
13 480 4019 4039 5652 6014 1
14 505 7077 4437 4505 5660 2
15 541 6088 5842 4009 5652 2
16 580 5812 3637 4039 4307 1
17 629 6747 6090 4527 4039 2
18 664 4383 5852 4009 4039 2
19 698 5842 5652 3629 6044 1
20 729 7077 6062 6566 5872 2
21 759 4349 4029 5852 3645 2
22 800 5822 4059 3629 4325 1
23 830 6747 4401 6168 5652 2
24 862 6068 5822 4009 5652 2
25 897 5842 5660 3637 4307 1
26 938 7077 4387 4471 3645 2
27 969 6060 4029 4029 5862 2
28 1006 5842 5660 5872 4309 1
29 1052 7077 4411 4481 3637 2
30 1082 6096 3989 5812 5660 2
31 1112 5842 4039 3637 6044 1
32 1150 7077 4381 6146 5862 2
33 1180 6072 5812 5812 3645 2
34 1213 5812 4059 5652 6048 1
35 1249 7077 4411 4471 3637 2
36 1279 4379 3989 5832 3645 2
37 1312 3999 5652 3637 4259 1
38 1353 6747 6090 4471 3645 2
39 1391 4423 5812 5842 4059 2
40 1424 5832 4049 5872 4291 1
41 1466 7077 4423 4459 3645 2
42 1502 4431 5812 3999 4049 2
43 1544 4009 3629 5872 4333 1
44 1590 6747 4381 6132 3637 2
45 1627 4359 3999 5842 4059 2
46 1666 5822 4059 3637 6024 1
47 1716 6747 4359 4505 3637 2
48 1754 4399 4009 4009 3637 2
49 1787 3989 3629 3637 4301 1
50 1834 6747 4397 6146 5872 2
51 1865 4427 4019 3989 4049 2
52 1902 5852 3645 4049 6044 1
53 1934 6747 6088 4473 3645 2
54 1971 4405 5842 4009 5872 2
55 2005 5832 4039 5660 4255 1
56 2043 6747 4353 6142 5872 2
57 2082 6074 4029 5832 5652 2
58 2116 3989 4049 3629 6022 1
59 2156 7077 6090 6134 3637 2
60 2193 6074 5842 4009 5872 2
61 2236 4029 5872 3645 4309 1
62 2279 7077 4349 6144 3629 2
63 2315 6074 3999 4009 5862 2
64 2357 4029 5652 3629 4313 1
65 2401 6747 4361 4471 5652 2
66 2434 6074 3989 5822 5872 2
67 2466 4009 5862 3645 4307 1
68 2491 7077 4351 4459 4039 2
69 2528 6060 4019 3999 5660 2
70 2569 4029 4049 5660 4263 1
71 2611 6747 6070 4453 5652 2
72 2647 6074 4009 5842 5872 2
73 2688 4019 5862 4049 6018 1
74 2736 7077 4433 6158 5872 2
75 2768 4375 5822 5832 4039 2
76 2801 3999 3645 4059 6036 1
77 2835 7077 4353 4517 4039 2
78 2871 4407 5822 4029 5862 2
79 2905 5822 4059 4049 4329 1
80 2941 7077 4429 6170 4049 2
81 2978 4373 4029 5812 4049 2
82 3022 4029 4039 5660 4291 1
83 3053 6747 6070 6134 3637 2
84 3087 6060 5812 5852 5660 2
85 3121 5842 4059 4059 4311 1
86 3153 6747 4349 4479 3645 2
87 3189 4431 5822 5852 5660 2
88 3227 4009 4039 3645 6048 1
89 3276 6747 4351 6138 5652 2
90 3314 4423 3989 5832 5872 2
91 3349 5832 4049 4039 4335 1
92 3375 7077 6066 4475 5862 2
93 3415 4361 4009 5812 3629 2
94 3449 5822 3645 4039 4257 1
95 3474 6747 4431 4529 5660 2
96 3504 4353 3989 5852 5660 2
97 3536 5822 3645 4059 6022 1
98 3580 6747 6090 4517 5660 2
99 3614 4431 4009 5832 5652 2
100 3647 5812 4059 5862 4281 1
101 3678 7077 6072 4497 4049 2
102 3714 4425 4029 4029 5660 2
103 3751 5832 4059 3629 4289 1
104 3784 6747 4359 6136 3645 2
105 3823 4381 5842 5822 3637 2
106 3858 3989 3645 5660 6048 1
107 3888 7077 4427 6134 4059 2
108 3927 4397 5852 4009 4059 2
109 3959 5812 3645 5872 6014 1
110 3999 6747 4383 4519 5862 2
111 4030 6074 4029 4029 3637 2
112 4074 4029 5862 3645 4303 1
113 4109 7077 4357 6144 3645 2
114 4145 4361 5852 3999 3629 2
115 4186 3999 3645 3637 4265 1
116 4236 7077 6070 4521 5660 2
117 4269 4387 4019 5812 3629 2
118 4307 3989 5652 3645 4327 1
119 4348 6747 4435 4517 3629 2
120 4381 6066 4029 5812 5872 2
121 4426 5852 4059 3645 6020 1
122 4476 6747 4399 4493 5862 2
123 4516 4387 5832 5812 4039 2
124 4561 5822 5652 5862 4253 1
125 4601 7077 6096 6162 3637 2
126 4637 4407 5852 5822 4049 2
127 4672 4019 5862 4039 4331 1
128 4706 7077 4353 6170 4039 2
129 4737 4409 5842 5812 4049 2
130 4769 4029 5660 5652 4277 1
131 4815 7077 6070 6156 3637 2
132 4855 4399 5842 4029 3629 2
133 4889 4019 5652 4059 4305 1
134 4922 7077 6090 4451 5660 2
135 4956 4385 4029 5842 3637 2
136 4998 4009 5862 5652 6018 1
137 5046 7077 4387 6142 3637 2
138 5081 4399 4019 5852 3645 2
139 5120 5812 5862 5862 6044 1
140 5164 6747 4407 4505 3637 2
141 5194 4405 5812 5852 3637 2
142 5234 4009 4039 3645 4287 1
143 5270 6747 6088 6158 3645 2
144 5303 4421 5852 5842 4049 2
145 5334 4009 5660 5660 4309 1
146 5383 7077 4361 4495 5660 2
147 5414 4405 5832 3999 5862 2
148 5445 3999 4049 5660 4283 1
149 5472 6747 4433 6132 5652 2
150 5511 4401 5852 3989 5872 2
151 5543 5812 5660 4049 4337 1
152 5577 7077 6062 6566 5660 2
153 5616 4433 4009 3989 4059 2
154 5658 5852 4049 5862 6048 1
155 5686 6747 4377 4449 5652 2
156 5721 6068 5822 5812 4039 2
157 5761 5832 4059 3629 4301 1
158 5809 6747 4383 6564 3645 2
159 5841 6074 3999 4019 4059 2
160 5873 3999 3645 5660 4305 1
161 5907 7077 4377 6566 5862 2
162 5937 4423 5832 5842 5660 2
163 5974 5852 3645 3637 4285 1
164 6024 6747 6060 4481 5660 2
165 6054 4423 5812 5822 5660 2
166 6098 5832 4049 3637 4333 1
167 6141 6747 4431 6134 5872 2
168 6177 4433 5842 5812 3645 2
169 6212 5842 5872 3637 4263 1
170 6261 6747 4379 4497 5652 2
171 6291 4425 5832 5812 5862 2
172 6330 4009 3629 5652 4265 1
173 6378 7077 4385 4493 4049 2
174 6417 6086 3989 5822 5862 2
175 6447 5822 3637 5652 6038 1
176 6475 7077 4349 4477 4059 2
177 6511 6072 4029 4009 3629 2
178 6546 5852 5862 5660 4303 1
179 6582 7077 6094 4471 4049 2
180 6622 4383 5842 4019 3629 2
181 6654 3989 4049 4049 4291 1
182 6679 6747 4353 6160 4039 2
183 6717 4399 5822 4009 4049 2
184 6748 5812 5862 5652 4265 1
185 6784 7077 4399 4497 5872 2
186 6815 4407 3989 5852 3637 2
187 6846 5812 3645 4039 4313 1
188 6872 7077 6060 4507 3629 2
189 6908 4437 5812 3989 4049 2
190 6943 4029 5872 4039 4311 1
191 6974 7077 4433 4503 4049 2
192 7004 4429 5842 4009 3629 2
193 7049 5832 3637 4059 4293 1
194 7081 6747 4361 4481 3645 2
195 7117 4397 3989 4029 4049 2
196 7158 4029 5652 3629 4337 1
197 7184 6747 6092 4481 5862 2
198 7222 4359 4009 5832 5872 2
199 7254 3989 5660 3645 4305 1
200 7297 7077 4357 6566 5660 2
201 7332 4409 5852 5822 5862 2
202 7363 5822 3637 5652 4291 1
203 7405 7077 6072 6132 3629 2
204 7444 4349 3989 4019 4059 2
205 7484 5812 4049 5862 6050 1
206 7510 7077 4403 6144 3645 2
207 7542 4355 4019 5822 3637 2
208 7586 3989 5862 5862 4313 1
209 7627 7077 4409 4523 4059 2
210 7665 4433 5812 5852 4049 2
211 7697 3989 5660 4049 4259 1
212 7736 7077 6072 4469 3645 2
213 7771 6060 5822 4019 5862 2
214 7813 4029 3637 4049 6040 1
215 7838 7077 6074 4453 4059 2
216 7875 4379 4009 4019 5660 2
217 7905 5842 3637 4049 4287 1
218 7938 6747 6086 4485 4039 2
219 7977 4361 5842 5812 4049 2
220 8008 4009 3645 4039 4267 1
221 8052 7077 4355 4481 4059 2
222 8085 4435 3999 5812 5652 2
223 8122 3999 4039 3645 4335 1
224 8172 7077 6090 6146 4059 2
225 8206 4349 5812 4009 4039 2
226 8244 3999 3629 5660 4303 1
227 8277 6747 6088 4479 5862 2
228 8316 4353 4019 5832 3645 2
229 8355 3989 3645 3637 4289 1
230 8397 6747 4437 6566 4049 2
231 8434 4383 4009 4019 3645 2
232 8470 5812 5872 5862 6026 1
233 8520 7077 4349 4505 5872 2
234 8557 4405 3989 4009 5660 2
235 8601 3989 5660 3629 6026 1
236 8646 7077 4401 4471 4049 2
237 8680 6090 5852 4009 5652 2
238 8711 5812 4049 5652 4283 1
239 8759 6747 4433 6166 3645 2
240 8796 4397 3999 5852 5660 2
241 8828 5832 5660 3629 4277 1
242 8865 6747 6070 6564 5862 2
243 8900 4433 5822 5842 3645 2
244 8937 5852 5872 4039 6050 1
245 8972 7077 4361 4459 3629 2
246 9007 4353 3989 5842 5652 2
247 9041 4019 4059 5872 4277 1
248 9068 7077 4401 4497 3629 2
249 9098 4427 5822 4009 5862 2
250 9133 5822 5660 5862 4309 1
251 9158 6747 6066 4485 4039 2
252 9196 6094 5842 5822 3645 2
253 9229 3989 4049 3645 4313 1
254 9267 6747 4423 6158 5652 2
255 9304 4425 4009 3989 3629 2
256 9343 4019 5862 4059 4329 1
257 9386 6747 6066 4469 4039 2
258 9426 4355 5812 5812 4059 2
259 9459 4009 5872 5862 4329 1
260 9487 6747 4385 4459 5660 2
261 9520 4381 4009 4009 5872 2
262 9561 4019 3629 4049 4287 1
263 9604 7077 4383 4503 5652 2
264 9644 6060 4029 4019 5872 2
265 9685 5832 3645 4059 4315 1
266 9718 7077 4429 6136 5660 2
267 9754 4363 3999 3999 5862 2
268 9796 4009 4039 5862 4315 1
269 9842 6747 4435 4451 5660 2
270 9873 6060 5822 5832 4049 2
271 9916 5852 5862 3645 4261 1
272 9953 6747 4421 4485 5652 2
273 9989 4381 3989 3999 5872 2
274 10026 5842 4059 3645 4335 1
275 10072 6747 4421 6158 5872 2
276 10110 4425 4019 5822 5862 2
277 10140 5812 5872 3645 4257 1
278 10179 6747 4401 4469 4059 2
279 10212 4403 5852 5852 5862 2
280 10249 3999 3629 3629 4289 1
281 10280 6747 4437 6564 3645 2
282 10320 4375 5842 4029 4059 2
283 10363 4009 4049 3645 6040 1
284 10390 6747 4421 4497 5660 2
285 10421 4349 5832 3989 5872 2
286 10460 5822 3645 4039 6018 1
287 10489 7077 6064 6166 5660 2
288 10522 6094 4019 5832 4039 2
289 10561 5822 3637 5872 4265 1
290 10587 6747 4403 4483 5872 2
291 10617 4355 4029 5842 5660 2
292 10655 4009 3637 3645 4261 1
293 10700 7077 4363 6138 5862 2
294 10730 4423 4009 3989 4059 2
295 10762 4019 5652 5862 4309 1
296 10806 7077 4431 6168 5660 2
297 10836 4409 5812 5812 5872 2
298 10867 3989 3645 3637 4331 1
299 10899 6747 4375 4493 5872 2
300 10931 4357 4029 4019 3629 2
301 10968 5832 3637 4059 4281 1
302 10997 6747 6092 4457 3629 2
303 11031 4437 3999 3999 5872 2
304 11074 4019 3645 3645 4301 1
305 11105 6747 4405 4493 4039 2
306 11142 6064 4029 5852 5862 2
307 11184 4029 5660 3645 4339 1
308 11210 7077 6090 6168 5862 2
309 11246 6070 4009 5852 5872 2
310 11287 4029 5862 3629 4331 1
311 11331 6747 4363 4527 4059 2
312 11362 4361 5832 5812 3629 2
313 11400 3989 4039 4039 4265 1
314 11428 6747 4399 4495 5660 2
315 11460 4407 5832 3999 5652 2
316 11503 5832 5862 3629 4325 1
317 11548 7077 6088 6166 4059 2
318 11578 4397 5842 5842 3629 2
319 11621 3999 5652 5862 6040 1
320 11655 6747 6088 6138 4049 2
321 11686 4409 3999 3989 3645 2
322 11731 5842 4049 4039 4325 1
323 11758 7077 4377 4497 3629 2
324 11795 4399 4009 4019 3629 2
325 11829 5822 3645 3629 4281 1
326 11878 7077 6098 4521 4049 2
327 11909 6072 5842 5842 4059 2
328 11946 4009 3637 5862 6020 1
329 11972 6747 4425 6168 4059 2
330 12009 4389 3989 5852 3645 2
331 12053 4019 5862 5660 4293 1
332 12102 6747 4431 6138 5660 2
333 12140 4401 4029 5852 4039 2
334 12170 4029 5862 4049 6014 1
335 12196 6747 4407 4517 4049 2
336 12234 4437 4009 5842 3629 2
337 12276 3999 3637 5660 4279 1
338 12306 7077 4377 4447 5862 2
339 12336 4431 4019 5812 4039 2
340 12379 4009 5862 5660 6044 1
341 12428 6747 4351 4475 3645 2
342 12467 4407 5822 5822 3637 2
343 12511 4029 4059 5872 4293 1
344 12542 6747 4409 4455 5862 2
345 12573 6094 3999 5842 5872 2
346 12607 5832 5862 5862 6046 1
347 12653 7077 4407 4471 5872 2
348 12683 4405 5842 3989 5862 2
349 12717 4019 3645 5862 4285 1
350 12757 7077 4433 4527 4049 2
351 12795 4359 4019 5812 5660 2
352 12834 4019 4039 4059 4285 1
353 12880 7077 4385 6144 5862 2
354 12915 6070 5832 5852 4059 2
355 12947 5832 4039 4049 4307 1
356 12983 6747 4435 4471 5862 2
357 13021 4425 3999 5852 4039 2
358 13066 5842 5660 4059 4289 1
359 13104 6747 4421 6132 3637 2
360 13134 6072 5812 5822 3645 2
361 13178 5852 3637 5660 4303 1
362 13224 7077 4359 4501 5660 2
363 13259 4373 5822 5832 5660 2
364 13303 5852 3629 5872 4253 1
365 13352 6747 4363 4525 5652 2
366 13385 4435 5832 5842 5862 2
367 13418 3999 5660 5652 4287 1
368 13461 6747 4363 4505 4039 2
369 13499 6098 5842 4019 5652 2
370 13535 4029 4049 4059 4293 1
371 13569 7077 6068 4493 4059 2
372 13599 4401 5812 5812 5652 2
373 13635 5822 4049 5652 4315 1
374 13670 6747 6098 4455 3637 2
375 13701 6072 5852 5822 3629 2
376 13738 3999 5660 5652 6042 1
377 13766 6747 6088 6158 3637 2
378 13797 4357 5832 5822 4039 2
379 13836 5852 5862 3637 4315 1
380 13879 6747 4379 4457 4059 2
381 13910 6070 5842 4029 5862 2
382 13944 3999 5872 4059 4263 1
383 13991 7077 4377 6132 4039 2
384 14031 6094 4029 5852 4059 2
385 14076 5822 5872 3629 4309 1
386 14117 7077 6090 4503 4039 2
387 14151 4423 3989 5812 4049 2
388 14192 5822 4059 5660 4253 1
389 14226 6747 6088 4453 3629 2
390 14260 4389 4019 4019 4039 2
391 14305 3989 3629 5862 6020 1
392 14349 6747 6066 4497 3637 2
393 14379 6062 5822 5852 5652 2
394 14423 5812 5872 5652 4263 1
395 14466 6747 4435 4497 4039 2
396 14497 6062 4019 5832 5872 2
397 14534 5852 3629 3637 4257 1
398 14571 6747 4425 4525 3645 2
399 14603 4437 5832 4009 4059 2
400 14637 4029 4059 5652 4307 1
401 14662 6747 6086 4501 5862 2
402 14702 6098 4009 5832 3645 2
403 14739 4029 5862 5652 4291 1
404 14772 6747 4385 4525 3629 2
405 14805 6072 4009 4009 5652 2
406 14842 4029 5872 4049 6012 1
407 14867 7077 6088 4529 3645 2
408 14903 4433 4029 5812 4049 2
409 14942 5822 3645 3637 4331 1
410 14969 6747 6094 4527 5862 2
411 15009 4405 5842 3989 5872 2
412 15047 4009 5872 5652 6016 1
413 15083 7077 4403 4451 3637 2
414 15121 4405 3999 5822 3645 2
415 15162 4009 5862 3645 4287 1
416 15207 6747 4373 6144 3637 2
417 15243 4377 5842 4019 3637 2
418 15285 5822 5652 4059 6050 1
419 15314 6747 6088 6144 4039 2
420 15344 4379 5842 4019 3645 2
421 15385 4009 4059 5862 6020 1
422 15422 6747 4407 4501 4059 2
423 15453 4357 3999 4019 5862 2
424 15497 5812 4049 5660 4303 1
425 15544 6747 4387 4529 3629 2
426 15576 4427 4009 5842 4039 2
427 15608 4019 5660 3629 6016 1
428 15644 7077 4401 4447 3629 2
429 15675 6084 5812 4009 3637 2
430 15715 5832 4059 5862 4267 1
431 15753 6747 4421 4455 5660 2
432 15793 4431 3989 3999 5872 2
433 15823 4029 5872 5652 6042 1
434 15849 6747 6092 4505 4049 2
435 15881 6088 3999 4009 4039 2
436 15923 4009 3645 3637 4267 1
437 15967 7077 4351 6136 5660 2
438 15997 4363 3999 5832 4049 2
439 16034 4019 3629 3629 6024 1
440 16071 7077 4399 6134 4049 2
441 16101 6084 5832 5822 4049 2
442 16140 5832 4039 5872 4339 1
443 16172 7077 4437 6156 5660 2
444 16205 4433 5832 4009 5652 2
445 16243 5852 4049 3645 4293 1
446 16275 7077 6068 4485 3629 2
447 16305 6088 5812 4019 5652 2
448 16350 4029 5660 5652 6012 1
449 16378 6747 4387 4483 4059 2
450 16414 6062 3989 4019 4059 2
451 16448 5842 3645 5872 6048 1
452 16492 7077 4377 4479 5862 2
453 16524 6090 3999 5812 4049 2
454 16560 3999 5660 3629 4311 1
455 16601 7077 4429 4529 4049 2
456 16634 4435 5852 3999 5862 2
457 16673 4019 3629 4049 4277 1
458 16717 7077 6066 4477 5660 2
459 16756 6070 4019 4019 5862 2
460 16795 5812 4059 5652 4305 1
461 16831 7077 6090 4447 3629 2
462 16866 4351 5812 3999 5862 2
463 16899 4019 3629 4049 6026 1
464 16946 7077 6074 4473 3637 2
465 16979 6072 5822 5822 5862 2
466 17009 5832 3637 5652 4291 1
467 17037 6747 6098 4477 3637 2
468 17071 4353 5832 3989 4039 2
469 17107 3989 5660 3637 6046 1
470 17136 6747 6088 4497 5872 2
471 17167 6084 3989 4019 3645 2
472 17205 3999 5872 5872 4281 1
473 17241 6747 4351 6140 3637 2
474 17274 4435 4019 5822 4059 2
475 17304 5812 4039 4039 6050 1
476 17337 6747 4429 6142 5862 2
477 17371 6092 5812 3999 4059 2
478 17404 3999 5652 3637 6044 1
479 17432 6747 6096 4481 5652 2
480 17466 6066 4019 4009 4059 2
481 17499 4029 4059 3637 6050 1
482 17531 6747 4407 6134 5872 2
483 17565 4405 4029 3999 4059 2
484 17597 4029 5862 5862 6014 1
485 17640 7077 6072 4521 3645 2
486 17671 4351 3989 3999 3637 2
487 17703 5812 5660 4039 6014 1
488 17750 6747 4407 4471 3645 2
489 17788 4407 3989 4029 4049 2
490 17831 5842 4049 5660 4289 1
491 17856 7077 6070 6158 5872 2
492 17890 4359 4009 5842 5872 2
493 17933 5812 4039 3629 4277 1
494 17981 7077 4421 4507 5660 2
495 18015 4353 5842 5822 3645 2
496 18053 3989 4039 3629 6020 1
497 18102 6747 4359 4479 5872 2
498 18132 4425 5842 5832 5652 2
499 18177 5832 3645 4039 4279 1
500 18213 7077 4351 4493 3645 2
501 18246 6092 4009 5842 4059 2
502 18289 4019 4059 4049 4341 1
503 18319 7077 6084 4525 4039 2
504 18355 4433 5852 5832 5652 2
505 18392 5822 5872 5660 6040 1
506 18434 7077 4389 4445 3637 2
507 18466 4387 4029 3999 3629 2
508 18511 5812 5660 3645 4257 1
509 18543 6747 6066 4485 5652 2
510 18581 4375 4009 5852 3645 2
511 18612 3999 5872 4059 6038 1
512 18661 6747 4423 6156 4059 2
513 18691 6094 5812 5852 4039 2
514 18732 5842 5660 5660 4277 1
515 18782 6747 4359 4521 3645 2
516 18815 4407 5812 3989 3637 2
517 18852 4009 3629 5872 4333 1
518 18892 7077 4353 6166 4039 2
519 18929 4403 5842 5822 4049 2
520 18974 5812 3645 5862 4253 1
521 19004 6747 4427 6168 5660 2
522 19037 4353 3989 5852 4049 2
523 19068 4009 5652 3645 4339 1
524 19106 6747 4379 6564 5652 2
525 19144 6066 4029 5852 4049 2
526 19181 5842 3637 3637 6044 1
527 19210 7077 6088 4471 3629 2
528 19249 6062 5832 4029 4039 2
529 19281 4019 4039 3637 4335 1
530 19321 6747 4363 6146 5652 2
531 19353 4411 5832 4029 5660 2
532 19383 5842 5862 5872 6016 1
533 19409 6747 4403 4475 5652 2
534 19440 4355 3999 4009 4059 2
535 19481 5842 4039 5660 6036 1
536 19529 6747 6084 4459 3645 2
537 19563 4429 5842 5822 3645 2
538 19603 4009 5872 4059 6042 1
539 19644 7077 4403 6138 4039 2
540 19678 4427 5812 5842 3637 2
541 19708 5852 4039 3637 4309 1
542 19750 7077 4363 6170 3645 2
543 19786 4427 5832 4019 3645 2
544 19827 5842 5652 4059 4331 1
545 19874 6747 4379 4517 5652 2
546 19914 4373 3989 5852 3637 2
547 19955 5852 5660 5862 4285 1
548 19984 7077 6088 6168 4039 2
549 20014 6096 4009 3999 3645 2
550 20049 5832 5872 4039 4315 1
551 20087 6747 4383 6566 5660 2
552 20120 4379 5832 5812 3645 2
553 20154 4019 3645 4059 4287 1
554 20180 6747 4405 6140 3637 2
555 20215 4397 4029 4019 4059 2
556 20259 5822 3645 5660 4327 1
557 20295 6747 4385 6164 5660 2
558 20325 4435 3989 5852 4059 2
559 20357 3999 5862 5862 6016 1
560 20386 7077 4385 6132 3645 2
561 20416 4379 5832 4019 5862 2
562 20449 4029 3645 5872 4277 1
563 20484 6747 6060 6160 3645 2
564 20517 4353 5812 4029 4059 2
565 20547 4019 5862 5660 4281 1
566 20575 6747 4405 4477 5652 2
567 20609 4411 5812 5832 4049 2
568 20654 4029 3637 5872 4337 1
569 20679 7077 4405 4479 4049 2
570 20711 4387 3999 3989 3645 2
571 20741 5832 4039 4059 6016 1
572 20786 6747 4433 4451 4049 2
573 20826 6062 4019 4019 3637 2
574 20869 3989 3637 5862 6016 1
575 20914 7077 4355 4517 4049 2
576 20951 6064 4029 5852 5660 2
577 20986 5812 4049 4059 6024 1
578 21035 6747 4407 4475 4059 2
579 21069 4431 5842 5822 3645 2
580 21099 5842 4039 4059 6020 1
581 21127 6747 4403 4459 5872 2
582 21164 4363 5852 5842 4059 2
583 21207 4029 5660 5872 6018 1
584 21248 7077 4427 6138 5862 2
585 21284 4427 4009 5812 4059 2
586 21323 5852 5652 5872 6040 1
587 21353 7077 6060 6162 5652 2
588 21384 4379 5832 3999 4039 2
589 21419 5852 5652 4039 4311 1
590 21448 7077 4409 4503 4059 2
591 21485 4349 4029 5832 4049 2
592 21526 3999 5872 3637 6016 1
593 21559 7077 6060 4447 5862 2
594 21594 4359 5832 4029 3629 2
595 21627 5852 5652 3645 6026 1
596 21652 7077 6072 4457 3637 2
597 21692 4353 5812 5822 5872 2
598 21736 4019 4039 4049 4335 1
599 21764 7077 6070 4483 4049 2
600 21802 4363 5842 4019 4059 2
601 21836 5852 4039 5660 6012 1
602 21886 7077 4403 4479 4049 2
603 21922 4375 3989 5832 3637 2
604 21954 3999 4039 3645 6042 1
605 21991 6747 6074 4517 3645 2
606 22021 4353 5852 4009 5862 2
607 22060 3989 3645 3629 4305 1
608 22097 6747 6068 4471 3637 2
609 22135 4411 5812 4019 3637 2
610 22171 4029 5660 3645 4287 1
611 22205 7077 4399 6146 4059 2
612 22235 4399 5822 3989 4049 2
613 22265 4009 5862 5872 4283 1
614 22305 7077 6096 6566 5872 2
615 22339 4409 3999 4029 4039 2
616 22376 4019 4059 3629 4327 1
617 22423 7077 4431 4453 4049 2
618 22456 6072 5832 4029 4059 2
619 22500 4009 4039 5660 4291 1
620 22529 7077 6060 6142 5660 2
621 22563 6088 5822 5812 3645 2
622 22598 5852 4049 4039 6022 1
623 22627 6747 6072 6166 5872 2
624 22660 4431 5832 4019 3645 2
625 22698 4009 3645 5660 4255 1
626 22737 7077 6062 6140 4059 2
627 22776 4429 3989 5852 5652 2
628 22814 5832 5862 4039 4265 1
629 22854 7077 6070 6168 3629 2
630 22885 4385 5812 5852 5872 2
631 22919 3989 4049 5872 6020 1
632 22946 6747 4349 6160 5862 2
633 22980 4423 4019 5842 5652 2
634 23014 5822 5872 4059 4325 1
635 23053 7077 6070 6132 4059 2
636 23087 4351 5852 4029 3637 2
637 23120 4019 4049 3645 6046 1
638 23156 6747 4385 6566 4049 2
639 23189 4409 4029 4029 3637 2
640 23228 5812 3637 5872 6048 1
641 23264 6747 4397 4493 4039 2
642 23299 4399 5812 5842 5652 2
643 23332 5812 5862 3629 4281 1
644 23375 7077 6086 4529 5652 2
645 23408 4385 5832 3989 5872 2
646 23438 5832 5660 5872 4289 1
647 23484 6747 6060 6136 4049 2
648 23519 4385 5812 3989 5660 2
649 23558 5832 4049 5652 6026 1
650 23608 6747 6092 4481 5862 2
651 23646 6092 4029 3989 5652 2
652 23680 4019 4049 4059 4331 1
653 23723 6747 4375 4485 5862 2
654 23757 4373 5822 5812 5862 2
655 23800 5842 4059 5862 4265 1
656 23832 7077 6084 6170 4039 2
657 23864 4437 3999 5832 5652 2
658 23894 5812 3629 4059 6014 1
659 23922 6747 4425 6164 5872 2
660 23957 6092 5852 5852 4049 2
661 24002 3989 5652 5652 6036 1
662 24038 7077 6084 4447 3645 2
663 24078 6062 5842 4029 4039 2
664 24116 4019 5862 5660 6036 1
665 24161 6747 4361 4493 4049 2
666 24201 6060 4019 4029 3637 2
667 24238 3989 3637 3637 4335 1
668 24265 6747 6084 6166 4049 2
669 24302 4387 4029 4029 5652 2
670 24333 5832 5660 5862 4305 1
671 24377 6747 4355 4523 3629 2
672 24417 6060 3989 5822 5862 2
673 24450 3999 5872 5660 6018 1
674 24485 6747 6098 4505 3629 2
675 24524 6088 3999 4009 4059 2
676 24557 4019 4039 4059 4315 1
677 24583 7077 4357 4449 3645 2
678 24622 4387 5842 3999 5652 2
679 24663 5812 5872 3629 4333 1
680 24710 7077 4421 4481 5652 2
681 24746 4359 5812 5832 5872 2
682 24788 5852 3629 4039 4337 1
683 24835 6747 4355 4453 5872 2
684 24869 4405 5842 4029 4039 2
685 24913 5822 4059 3637 6044 1
686 24938 6747 4383 6144 5872 2
687 24969 6072 3989 4019 5872 2
688 25001 3999 3645 5652 4283 1
689 25037 6747 4433 4517 5862 2
690 25075 4387 5812 3989 4039 2
691 25110 3999 3637 5652 4253 1
692 25136 6747 4383 6138 4049 2
693 25170 6096 4009 5842 5660 2
694 25204 5812 5660 4039 4307 1
695 25254 7077 4399 4453 5652 2
696 25289 4401 5812 5812 5872 2
697 25328 5852 5872 3645 4311 1
698 25366 6747 6068 4477 5660 2
699 25400 4403 4009 4009 3629 2
700 25430 5822 5660 5862 4259 1
701 25458 7077 6074 4495 4049 2
702 25495 6088 5822 5812 4039 2
703 25533 3999 4039 5660 4329 1
704 25572 7077 4401 6168 4049 2
705 25606 4359 3999 3999 3645 2
706 25649 5812 5660 5652 4277 1
707 25682 7077 4437 6566 5872 2
708 25719 4407 4019 3999 3629 2
709 25754 5812 4059 5652 4289 1
710 25795 7077 6084 6566 5862 2
711 25832 4421 3999 4029 3629 2
712 25873 5832 3629 5872 4341 1
713 25919 7077 4375 4493 4059 2
714 25953 4373 3989 5812 3637 2
715 25992 3999 3637 3637 6040 1
716 26036 6747 4429 6140 3629 2
717 26076 4353 4019 4019 5872 2
718 26121 3999 5652 3637 6012 1
719 26167 6747 4361 4469 4049 2
720 26197 4373 5832 5812 5872 2
721 26227 4019 5872 5872 4339 1
722 26260 7077 6074 4449 3645 2
723 26294 4363 5812 4009 4039 2
724 26325 5852 3637 5652 4325 1
725 26357 6747 4357 6138 4059 2
726 26389 4403 5852 5842 5872 2
727 26432 5812 5660 4039 4331 1
728 26458 7077 4351 6158 4059 2
729 26488 4403 4019 3999 4049 2
730 26526 4029 5862 5872 6018 1
731 26558 7077 4435 4527 5872 2
732 26589 4423 4019 5812 4039 2
733 26620 4009 5872 5872 6038 1
734 26648 6747 4429 4475 4039 2
735 26685 6094 4009 5832 3629 2
736 26723 4009 4059 5652 4335 1
737 26751 6747 4433 6168 5660 2
738 26787 4433 5852 5812 4039 2
739 26817 5852 5652 5862 6020 1
740 26848 7077 6090 4499 3637 2
741 26881 4407 5832 5832 4049 2
742 26920 5822 5660 3637 6050 1
743 26955 6747 4389 4523 3637 2
744 26991 4399 5822 5812 5872 2
745 27032 5832 5660 3637 4267 1
746 27074 6747 4435 4445 4049 2
747 27113 6086 4029 4029 5862 2
748 27157 5852 4039 3629 4283 1
749 27199 6747 4383 4519 4059 2
750 27239 4431 5842 3989 3629 2
751 27282 4019 5660 4039 4329 1
752 27321 6747 4409 6162 5652 2
753 27359 4425 3989 4019 3645 2
754 27398 4029 5872 3629 6044 1
755 27428 7077 4351 4471 3629 2
756 27464 4399 5812 3989 5660 2
757 27509 5852 5652 5652 6026 1
758 27535 7077 6090 6144 3645 2
759 27570 4383 5812 5832 4059 2
760 27607 4029 3645 3637 6022 1
761 27648 6747 6060 6136 4049 2
762 27684 4383 5812 5812 5660 2
763 27719 4029 4059 3645 4311 1
764 27764 6747 4411 4481 5862 2
765 27799 6092 4019 5812 5652 2
766 27830 4009 3637 5872 4257 1
767 27865 6747 4423 6170 5660 2
768 27899 4355 4019 4029 5862 2
769 27936 4009 3645 4059 4301 1
770 27979 7077 4355 4497 4039 2
771 28017 4349 3989 4029 5652 2
772 28053 3989 3629 5652 6024 1
773 28082 6747 4361 4451 4039 2
774 28114 4405 5822 4029 5862 2
775 28146 5842 5872 5862 4301 1
776 28172 6747 4351 6160 4039 2
777 28206 6086 5842 5812 3629 2
778 28246 4009 5872 4049 4263 1
779 28285 6747 4401 4493 4049 2
780 28317 4389 5832 5822 3645 2
781 28347 5822 5660 5872 4305 1
782 28397 6747 4421 6170 5862 2
783 28429 4407 5812 3989 5652 2
784 28460 4009 4059 5872 4287 1
785 28495 6747 6086 6138 5660 2
786 28525 4433 5812 5812 4039 2
787 28570 3989 4049 3629 4311 1
788 28620 7077 4377 4469 3629 2
789 28658 4385 4009 5852 3629 2
790 28690 5812 4059 3645 6018 1
791 28720 6747 4433 4445 4059 2
792 28757 6068 4009 5852 5862 2
793 28794 5832 3637 4049 6044 1
794 28834 6747 4431 6156 5652 2
795 28870 4423 4009 5852 4059 2
796 28914 5812 5862 5652 4255 1
797 28949 6747 6096 6162 3629 2
798 28989 6098 4019 5852 4059 2
799 29025 5812 5872 5660 4325 1
800 29065 7077 4435 4457 4049 2
801 29100 6084 3989 4019 3629 2
802 29139 3989 5652 3629 6012 1
803 29187 6747 4353 6158 3637 2
804 29218 4379 5812 4019 3629 2
805 29263 5852 4039 3645 4267 1
806 29313 7077 6074 4505 3645 2
807 29344 4385 5842 3989 4049 2
808 29380 4019 5652 4059 6014 1
809 29427 6747 4409 6158 4049 2
810 29467 4427 3999 4009 4049 2
811 29511 5822 5652 5872 4341 1
812 29537 7077 6092 4501 5652 2
813 29577 4425 5812 4029 5862 2
814 29607 5832 4049 3645 4285 1
815 29654 7077 4381 6170 3637 2
816 29689 4403 3989 3989 5862 2
817 29722 5812 5862 5862 6048 1
818 29768 6747 6062 6142 4039 2
819 29800 4437 4009 3989 3637 2
820 29842 3999 3629 5660 4291 1
821 29890 6747 6074 4493 5652 2
822 29929 6064 3999 5852 5652 2
823 29963 5832 3629 5872 4315 1
824 29990 6747 4399 4501 4059 2
825 30030 4421 5842 5852 5862 2
826 30064 4009 5872 3637 4261 1
827 30091 7077 6060 4449 5660 2
828 30126 4373 4029 3989 5660 2
829 30166 5842 4049 5872 4327 1
830 30208 6747 4385 4451 5862 2
831 30239 6062 4009 4029 5660 2
832 30271 4009 3629 5652 4255 1
833 30302 6747 4377 6140 4049 2
834 30334 4387 4009 3989 5660 2
835 30366 5832 5872 5862 4285 1
836 30407 6747 6086 4457 5660 2
837 30440 4423 4019 4029 5872 2
838 30480 4029 3637 3645 6020 1
839 30514 7077 4401 6566 5862 2
840 30545 6098 5822 5812 5660 2
841 30587 4019 5872 3637 4291 1
842 30619 6747 4387 4505 4049 2
843 30655 4349 5832 4019 5862 2
844 30695 4009 5660 4049 6050 1
845 30729 6747 6092 4473 4049 2
846 30769 4363 4009 5822 5652 2
847 30799 3989 3645 3629 4303 1
848 30824 7077 6062 4503 3629 2
849 30856 4349 5812 5812 3637 2
850 30886 4029 4049 3629 4291 1
851 30924 7077 4399 4517 5862 2
852 30963 4355 3989 4009 4049 2
853 30996 3989 4039 5872 4287 1
854 31025 6747 4433 6158 5652 2
855 31060 6070 3989 4029 5652 2
856 31101 5852 3637 4059 4315 1
857 31149 6747 4427 6168 3629 2
858 31188 4349 5852 5842 5872 2
859 31219 3999 3637 4049 4337 1
860 31264 7077 4423 4481 5872 2
861 31298 4389 5822 4009 4059 2
862 31338 5842 4039 4059 4335 1
863 31363 6747 4359 4471 5872 2
864 31403 4363 3989 4029 5652 2
865 31443 5842 5652 3629 4339 1
866 31468 7077 6074 4457 4059 2
867 31504 4381 5822 4029 5660 2
868 31545 4029 5652 4059 4307 1
869 31587 7077 4351 4459 5872 2
870 31619 6090 5812 3999 5652 2
871 31664 5842 3645 5862 4325 1
872 31700 7077 4403 6168 3637 2
873 31732 4401 5832 5812 5862 2
874 31772 3999 3637 5862 6022 1
875 31810 6747 4387 4493 5652 2
876 31845 4407 5822 3999 5660 2
877 31877 3999 5872 3629 4293 1
878 31910 6747 4379 4503 3637 2
879 31942 4385 4009 3989 4049 2
880 31975 4029 5862 5872 4289 1
881 32012 7077 4389 4517 3629 2
882 32052 4377 5842 4019 3637 2
883 32082 5812 3645 3637 4285 1
884 32128 6747 4399 4521 5872 2
885 32158 6092 4029 4029 4059 2
886 32188 5832 4049 5652 6046 1
887 32229 7077 4381 6564 5862 2
888 32261 4387 5832 5852 3645 2
889 32301 5812 5872 4049 4277 1
890 32348 7077 4373 4447 5862 2
891 32387 6098 4029 5832 5652 2
892 32431 4019 3645 5652 4265 1
893 32461 6747 4359 6136 3637 2
894 32494 4355 4029 4029 3629 2
895 32539 3989 4049 4049 4341 1
896 32577 6747 4375 6132 5652 2
897 32614 6084 5852 3999 3645 2
898 32654 5842 5652 5862 4293 1
899 32694 7077 6074 4527 4039 2
900 32727 4373 5852 4019 4049 2
