1 60 4029 4039 5652 4335 1
2 116 6747 4373 4525 4049 2
3 173 6074 5832 4029 5660 2
4 231 5822 5660 5660 4329 1
5 286 7077 4425 4499 4039 2
6 342 6062 4019 4019 3645 2
7 401 4009 5862 5660 6042 1
8 456 7077 6060 6140 4049 2
9 514 6068 3989 5832 5652 2
10 574 4029 4039 3637 6016 1
11 634 6747 4421 6132 5660 2
12 689 4355 5832 4029 5862 2
13 749 3999 4049 5862 6012 1
14 804 6747 6098 6170 4049 2
15 864 4383 4029 5852 4059 2
16 922 5832 5652 5872 4309 1
17 980 6747 6074 4497 5652 2
18 1037 6072 3999 3989 5872 2
19 1092 4029 5862 3645 4327 1
20 1152 6747 6072 6146 5872 2
21 1210 6098 3999 4019 3645 2
22 1266 5832 4039 5660 4311 1
23 1325 7077 4375 6138 5652 2
24 1381 6084 5812 5812 4039 2
25 1439 3999 4039 4059 4311 1
26 1495 6747 6092 4483 4049 2
27 1555 4363 4009 5842 5872 2
28 1614 3989 4049 5660 4291 1
29 1673 7077 4437 4469 5872 2
30 1732 4421 4009 5822 3629 2
31 1791 4029 4049 5872 6016 1
32 1848 7077 4353 6136 5872 2
33 1906 4397 4029 5822 4039 2
34 1961 3989 3637 4049 4339 1
35 2021 7077 4401 4529 5862 2
36 2079 4409 5842 5822 4039 2
37 2138 4019 3629 5652 4331 1
38 2195 6747 6086 4521 3637 2
39 2254 6092 5842 4019 4039 2
40 2310 4009 5862 5872 4283 1
41 2366 7077 6090 6164 5862 2
42 2424 4385 3989 5822 5660 2
43 2484 4019 4059 4039 6020 1
44 2543 6747 4363 4527 4059 2
45 2600 4353 4029 3999 4059 2
46 2659 5832 3637 5660 4331 1
47 2716 7077 6094 6138 4049 2
48 2776 4383 5822 5812 3637 2
49 2832 5832 5660 4049 4339 1
50 2889 6747 4373 4481 5660 2
51 2949 4351 5852 4019 5862 2
52 3009 5842 3637 5660 4289 1
53 3069 7077 4355 4451 5872 2
54 3126 4353 5842 5812 5872 2
55 3185 3989 4059 5652 4253 1
56 3244 6747 4349 4473 5862 2
57 3301 4379 5852 5812 5652 2
58 3361 5842 3629 5862 4263 1
59 3416 6747 4427 4499 4059 2
60 3475 4421 5842 3999 4059 2
61 3531 4009 5862 4049 4261 1
62 3587 7077 6068 4529 3629 2
63 3646 4403 4009 5832 4039 2
64 3701 4019 3645 4049 6048 1
65 3759 7077 4351 4529 3629 2
66 3817 6088 5812 3999 3645 2
67 3872 4019 5862 4049 4327 1
68 3932 6747 4373 4475 5872 2
69 3988 6092 5822 3999 4059 2
70 4044 5812 4039 5862 4333 1
71 4101 6747 6086 6142 3637 2
72 4158 4407 3989 5812 4059 2
73 4217 5852 5660 5660 4307 1
74 4272 6747 4431 6144 3637 2
75 4330 6092 3999 5812 3629 2
76 4390 5842 4039 5872 4279 1
77 4448 7077 6084 6158 4049 2
78 4508 6074 5812 3989 5660 2
79 4567 4029 3629 3637 4333 1
80 4624 6747 4383 6166 3637 2
81 4684 4361 3999 5812 4059 2
82 4739 4029 5652 4059 4337 1
83 4795 6747 6086 6166 5652 2
84 4854 4381 5822 5832 5872 2
85 4913 3989 5652 3629 6044 1
86 4973 7077 4397 4451 4059 2
87 5028 4349 5842 5852 5652 2
88 5084 5852 3637 3629 4289 1
89 5140 6747 4353 6140 4049 2
90 5196 4385 4009 5842 4059 2
91 5253 5842 3637 3645 6038 1
92 5309 7077 4357 4523 5862 2
93 5366 4381 4009 5842 5660 2
94 5421 5812 5872 4049 4283 1
95 5477 7077 4373 6160 3645 2
96 5536 6060 4029 5842 5660 2
97 5591 5812 5652 5652 4327 1
98 5649 6747 4387 4505 5862 2
99 5704 4397 3999 4029 4039 2
100 5759 5822 3645 5652 6046 1
101 5817 6747 4399 4445 4059 2
102 5876 6074 4009 5832 5652 2
103 5936 3989 5862 3629 4327 1
104 5994 6747 4375 4453 5862 2
105 6053 6074 5852 3989 5652 2
106 6112 4029 4039 4039 4289 1
107 6169 6747 6088 4457 5872 2
108 6225 4429 4019 4019 4049 2
109 6281 3999 5652 4059 4263 1
110 6338 7077 4407 6160 5862 2
111 6396 4375 4029 4019 3645 2
112 6456 5812 3629 4049 4315 1
113 6511 6747 4359 4527 3629 2
114 6571 4429 4019 4019 5862 2
115 6626 5852 5872 3645 4293 1
116 6682 7077 4375 4499 3637 2
117 6740 4429 5852 5812 5652 2
118 6799 5852 5862 4039 6026 1
119 6857 6747 4425 6142 5652 2
120 6913 4433 4029 4009 4049 2
121 6973 5812 4049 3629 4263 1
122 7029 7077 6070 4501 3637 2
123 7089 4381 4009 3999 3645 2
124 7149 4019 4039 5660 6018 1
125 7205 6747 4397 4477 5660 2
126 7264 4435 4019 5842 3629 2
127 7319 5852 3645 4039 6038 1
128 7374 6747 4409 6566 5660 2
129 7434 4425 4009 5842 5652 2
130 7492 5832 5660 4039 4263 1
131 7552 6747 4387 4519 3637 2
132 7612 4361 4009 4029 3637 2
133 7671 4029 5872 4059 6012 1
134 7731 7077 4355 6170 3637 2
135 7786 4427 4019 5812 4059 2
136 7841 5842 5652 5660 4285 1
137 7900 7077 4361 6138 4059 2
138 7960 4389 4009 4029 3645 2
139 8018 5822 5652 4059 4309 1
140 8074 6747 4429 4453 3645 2
141 8129 4349 4019 5852 3645 2
142 8189 4019 4059 5652 4301 1
143 8245 7077 6098 4459 4059 2
144 8302 4407 5842 5822 4039 2
145 8359 5842 5872 5652 4267 1
146 8415 6747 6088 4521 4049 2
147 8473 4407 5822 5842 4059 2
148 8529 4019 5872 5652 6018 1
149 8588 7077 4409 6162 4049 2
150 8644 4423 4029 4009 5660 2
151 8700 3999 4059 5872 4329 1
152 8759 7077 6084 6158 5660 2
153 8815 4435 4009 3999 3637 2
154 8870 4029 3637 5660 4339 1
155 8927 6747 6094 6140 3629 2
156 8983 4425 5852 4029 4039 2
157 9040 4019 5652 3629 6044 1
158 9100 7077 4375 4529 3637 2
159 9155 6086 5822 4009 3645 2
160 9213 5832 5862 5872 6014 1
161 9272 7077 4409 6162 4059 2
162 9330 6074 3989 5832 3629 2
163 9385 5822 5660 5660 6026 1
164 9440 7077 4361 6170 4039 2
165 9498 4377 4009 4029 5660 2
166 9557 5812 3645 3645 4303 1
167 9617 7077 4375 4501 5872 2
168 9675 4433 5832 3989 4039 2
169 9733 5842 5872 4039 6026 1
170 9788 6747 4437 4527 5660 2
171 9843 6086 5822 5832 3629 2
172 9900 3999 3645 5862 6018 1
173 9959 7077 4401 6146 3645 2
174 10019 4377 4019 5812 5652 2
175 10074 4019 4049 4049 4293 1
176 10129 6747 6086 4495 3645 2
177 10187 6070 5812 5812 5652 2
178 10245 3989 5660 5660 4293 1
179 10300 6747 4433 4517 3645 2
180 10360 6092 3999 5852 4049 2
181 10420 4009 5872 4049 6050 1
182 10475 6747 6072 4497 5652 2
183 10531 4379 5822 4029 4039 2
184 10587 4009 5862 5862 4335 1
185 10647 6747 4423 4473 5652 2
186 10707 4403 5852 5842 3645 2
187 10763 5812 5660 3629 4261 1
188 10823 6747 4385 4523 3629 2
189 10880 4379 5822 4019 3645 2
190 10938 5822 4049 5862 4277 1
191 10996 7077 4379 4497 4049 2
192 11053 6086 4009 3989 5660 2
193 11111 4029 4049 4049 4311 1
194 11170 6747 6090 4495 5660 2
195 11229 4359 5832 3989 5872 2
196 11284 5832 4049 3629 4315 1
197 11343 7077 6064 4503 5862 2
198 11400 4357 3999 3999 5872 2
199 11457 3999 3629 5862 4289 1
200 11516 6747 4425 4457 5872 2
201 11573 4359 5842 3999 5652 2
202 11630 5822 4059 5862 6044 1
203 11689 6747 6096 4517 3629 2
204 11744 4387 5832 5822 4049 2
205 11804 5832 4059 5862 4307 1
206 11863 7077 4359 4447 5872 2
207 11918 4405 3989 4009 5872 2
208 11974 4029 3637 4039 4339 1
209 12031 7077 4357 6136 3629 2
210 12091 4359 5832 4029 5872 2
211 12148 5842 5660 4039 4293 1
212 12204 7077 4387 6140 4039 2
213 12262 6090 5832 4019 5862 2
214 12318 5812 5660 3645 6024 1
215 12378 6747 6092 6168 3629 2
216 12437 4423 3989 4019 4059 2
217 12496 4009 3645 5872 4305 1
218 12554 6747 4383 4459 4049 2
219 12614 6060 5842 4019 3645 2
220 12674 5832 3629 5660 4301 1
221 12729 7077 4387 4457 5660 2
222 12789 6096 5842 5832 3637 2
223 12847 5812 4049 4039 4291 1
224 12903 7077 4425 4483 5660 2
225 12959 4383 5842 3989 5660 2
226 13014 5842 5660 3629 6038 1
227 13071 7077 4399 6160 3645 2
228 13128 4349 5822 3999 5862 2
229 13185 5842 4039 5652 6042 1
230 13240 7077 4407 6170 3629 2
231 13298 4353 3989 5822 3637 2
232 13355 5832 4059 5862 4281 1
233 13412 6747 4357 4455 4049 2
234 13468 6088 4009 5852 5652 2
235 13526 4019 5660 5872 6046 1
236 13585 7077 4355 4445 5862 2
237 13645 6092 4019 4009 5660 2
238 13705 5842 5872 3645 4293 1
239 13762 6747 4411 6168 5660 2
240 13819 4421 3999 5842 3637 2
241 13877 4029 5862 4059 6044 1
242 13935 6747 4387 4519 3629 2
243 13992 6072 3999 4029 5872 2
244 14050 3999 5652 5660 4307 1
245 14105 6747 4437 6142 5660 2
246 14161 6064 4009 5812 5652 2
247 14220 5812 4049 4039 4331 1
248 14275 6747 4353 4493 5660 2
249 14330 4379 5852 5852 5862 2
250 14387 5842 4039 3629 4335 1
251 14446 6747 6070 4481 3629 2
252 14503 4425 4009 5812 3629 2
253 14558 4009 5872 3645 4337 1
254 14614 7077 4433 4497 5660 2
255 14674 4379 4029 5852 3637 2
256 14730 5812 5862 5872 4281 1
257 14790 6747 4389 4471 3637 2
258 14845 4435 4029 4029 5862 2
259 14902 4019 5660 5660 4285 1
260 14961 7077 6068 4503 4039 2
261 15019 6096 3999 3999 5862 2
262 15078 3999 5872 5862 4311 1
263 15138 7077 6084 6564 5660 2
264 15198 4349 3999 5822 5660 2
265 15254 5812 3645 5652 4301 1
266 15310 7077 4351 4455 4049 2
267 15369 4435 5812 4019 4049 2
268 15426 5822 5872 4039 4337 1
269 15481 6747 6088 4453 4059 2
270 15541 6070 3989 4009 3629 2
271 15601 3999 3645 3629 4329 1
272 15656 6747 4353 6142 4049 2
273 15715 6092 4029 4029 5872 2
274 15774 4009 5862 5862 4277 1
275 15833 6747 4421 6158 4059 2
276 15888 4349 4029 4029 4059 2
277 15948 4019 4039 3629 6018 1
278 16005 7077 4385 4453 5872 2
279 16065 4373 4009 5852 5872 2
280 16122 5822 5862 3637 4289 1
281 16182 7077 4421 6164 4059 2
282 16239 6068 5842 5822 4059 2
283 16299 3989 3629 3629 4267 1
284 16359 6747 4407 4521 4039 2
285 16414 4403 5832 4009 4039 2
286 16470 5832 3645 3645 4309 1
287 16528 6747 4377 4477 5652 2
288 16585 6066 5812 5842 5652 2
289 16645 3999 5660 3629 6046 1
290 16702 7077 6086 6566 5872 2
291 16762 4361 5822 5832 5862 2
292 16818 5842 5862 3637 6014 1
293 16877 7077 6084 4497 3637 2
294 16936 4363 3989 5822 3637 2
295 16993 5842 5862 5862 6020 1
296 17052 6747 6074 4495 4049 2
297 17112 4373 4029 4029 4059 2
298 17172 5812 5652 3637 6038 1
299 17231 6747 4423 4495 5872 2
300 17290 4355 4009 5822 5660 2
301 17350 4019 5862 3637 6026 1
302 17407 7077 4397 6146 5652 2
303 17466 4381 5812 5812 3645 2
304 17522 4029 4059 4059 4263 1
305 17577 6747 4389 4523 4039 2
306 17633 6096 5822 5852 5660 2
307 17691 3999 3629 4049 6012 1
308 17748 7077 6096 4499 5872 2
309 17803 6088 5852 5852 4039 2
310 17861 4029 5862 5872 4313 1
311 17920 7077 4425 4527 3645 2
312 17976 4351 5852 4029 3629 2
313 18034 5842 4059 5660 4255 1
314 18089 6747 6096 4471 3645 2
315 18148 6092 4009 5822 5872 2
316 18203 5852 4049 3637 4303 1
317 18263 6747 4429 4473 5652 2
318 18320 4351 4019 5822 4039 2
319 18380 3989 5660 5660 4331 1
320 18435 6747 4411 4473 3637 2
321 18495 6098 5812 5832 3645 2
322 18552 5822 3637 4059 6042 1
323 18612 7077 4405 4479 4039 2
324 18667 4433 5852 5812 5652 2
325 18722 5852 4049 4039 6026 1
326 18779 6747 6098 4505 4049 2
327 18836 4361 4029 5812 4039 2
328 18896 3999 4039 5660 4279 1
329 18953 6747 4383 6138 3637 2
330 19012 4423 4009 4029 4059 2
331 19068 3989 4039 4049 4263 1
332 19124 6747 6060 6566 5872 2
333 19183 4411 4009 3999 5872 2
334 19239 5832 3645 3637 4283 1
335 19299 6747 6070 4495 5872 2
336 19357 6068 5852 5822 5862 2
337 19416 5812 3629 4059 4331 1
338 19471 7077 4373 6564 3637 2
339 19530 4353 4009 5812 5862 2
340 19590 3999 4059 3645 6036 1
341 19649 7077 6088 6146 5660 2
342 19706 6088 4029 5812 4039 2
343 19766 5842 5872 4059 6024 1
344 19823 6747 4381 4471 4039 2
345 19881 4359 4019 5822 5872 2
346 19940 5812 3645 5652 4329 1
347 19995 7077 4421 6144 5660 2
348 20055 4361 5832 5852 4039 2
349 20111 4019 3629 5652 4341 1
350 20169 7077 4387 4485 3637 2
351 20226 6092 3999 3999 3629 2
352 20286 5822 3637 4049 4279 1
353 20344 6747 4353 4527 5652 2
354 20401 4427 4019 4029 4039 2
355 20458 5832 5660 5652 4341 1
356 20517 7077 4427 4497 5872 2
357 20573 6062 5812 5852 3629 2
358 20633 3989 4049 5660 6024 1
359 20689 6747 6084 6170 5652 2
360 20745 6072 3999 4029 3645 2
361 20800 4009 5862 3645 4329 1
362 20857 7077 4387 6166 3637 2
363 20914 4379 3999 3989 5872 2
364 20973 5842 3645 5862 6014 1
365 21028 7077 4429 4521 5652 2
366 21086 4385 5822 3999 3645 2
367 21141 5832 4049 3645 4333 1
368 21199 6747 4361 6170 4049 2
369 21256 6094 5832 4009 4039 2
370 21311 4019 3629 5660 6040 1
371 21367 6747 4409 4485 5652 2
372 21425 6070 5832 5832 5872 2
373 21482 5812 4049 5660 4253 1
374 21537 7077 4385 4473 5652 2
375 21592 4407 5812 5852 3645 2
376 21649 3989 5872 4039 4283 1
377 21708 6747 4411 6140 3629 2
378 21765 4423 4029 4029 4049 2
379 21823 5832 5660 3629 4285 1
380 21880 7077 4359 4457 5652 2
381 21940 4363 4029 4029 5872 2
382 21997 4019 4039 3629 4259 1
383 22053 6747 4375 4521 5872 2
384 22113 6066 4029 5842 3637 2
385 22173 3989 4049 3629 4337 1
386 22230 7077 6088 4457 5862 2
387 22287 4377 3999 3989 3637 2
388 22344 3989 3645 5652 4261 1
389 22401 7077 4403 4525 4049 2
390 22458 4399 3989 5852 3629 2
391 22513 3989 4049 4049 4341 1
392 22571 6747 6086 4459 4059 2
393 22626 6094 5812 4029 4049 2
394 22682 4019 4059 4059 6050 1
395 22737 7077 4405 4493 5872 2
396 22795 4361 5852 4019 3637 2
397 22855 5832 3629 3637 4253 1
398 22912 6747 6090 4501 3629 2
399 22968 4397 5812 3989 3637 2
400 23027 4019 3629 5660 6012 1
401 23085 7077 6084 6166 4059 2
402 23141 6094 5842 4029 5652 2
403 23197 5842 5872 3629 4301 1
404 23257 6747 6086 4473 5660 2
405 23316 6088 5812 5812 3637 2
406 23376 5852 5872 3637 6050 1
407 23436 6747 6090 6136 5660 2
408 23492 4377 4029 4019 3637 2
409 23552 5822 5872 4039 4307 1
410 23611 6747 4407 4479 5872 2
411 23667 6072 3999 5842 3645 2
412 23725 4029 4039 4049 4329 1
413 23784 6747 6066 6166 5660 2
414 23843 6088 5842 3999 5652 2
415 23902 5812 5862 3629 4261 1
416 23961 7077 4399 6132 3637 2
417 24021 4401 3999 4009 4049 2
418 24076 5812 4049 5872 6014 1
419 24134 6747 4377 4449 4059 2
420 24190 4349 3989 4009 3629 2
421 24247 3999 5862 3629 4287 1
422 24303 6747 4427 4447 3637 2
423 24360 4405 5822 3989 5660 2
424 24418 5832 4039 5862 4265 1
425 24474 7077 6088 4523 3645 2
426 24533 4351 5812 4009 3629 2
427 24588 4009 5660 4039 4277 1
428 24644 7077 4353 6142 3629 2
429 24700 6084 4029 5852 5872 2
430 24756 3989 5652 4059 6018 1
431 24812 6747 6086 6566 5872 2
432 24871 4429 5832 5822 5862 2
433 24928 4009 3645 5652 4261 1
434 24983 6747 6086 4457 4059 2
435 25041 4361 4029 5812 5872 2
436 25097 4029 3637 3629 6044 1
437 25157 7077 4407 4529 4039 2
438 25213 6088 5842 3999 5872 2
439 25273 5832 5872 4059 6040 1
440 25330 7077 4435 6168 4049 2
441 25386 4385 5852 4009 4049 2
442 25446 5822 4049 5652 6022 1
443 25502 6747 4357 6134 5660 2
444 25558 4423 4019 4019 3629 2
445 25615 5852 3645 5660 4263 1
446 25671 6747 6094 4501 5660 2
447 25728 4409 4029 5812 4039 2
448 25786 4009 3629 3645 4289 1
449 25841 6747 4351 6146 3645 2
450 25901 4421 4029 3989 5872 2
451 25956 5842 5660 4039 4253 1
452 26015 6747 4399 4479 5872 2
453 26071 6090 5812 4009 4059 2
454 26130 5822 5862 4039 4291 1
455 26186 7077 6086 4445 3629 2
456 26242 4377 5822 5822 5652 2
457 26301 5842 3637 4039 6016 1
458 26356 6747 4433 4469 4059 2
459 26413 6072 5822 3999 5660 2
460 26468 3989 4059 3645 4315 1
461 26528 6747 4433 4459 5652 2
462 26585 4401 3989 5832 4059 2
463 26644 5822 3629 3637 4329 1
464 26701 6747 4357 4499 4049 2
465 26760 4385 4029 3999 3645 2
466 26818 5852 5862 3637 4267 1
467 26877 6747 4385 4481 5652 2
468 26933 4397 4029 5832 5872 2
469 26993 3999 4059 3629 4287 1
470 27049 7077 6064 4457 5862 2
471 27109 4399 5842 5822 5862 2
472 27166 5842 5872 3637 4257 1
473 27226 7077 6084 4445 3629 2
474 27281 4373 3989 5852 5872 2
475 27341 5842 3629 5652 4303 1
476 27399 7077 4421 4451 5652 2
477 27455 4389 4029 4029 4039 2
478 27514 3989 5872 5872 4313 1
479 27569 7077 6088 4523 3645 2
480 27625 4433 5822 4019 4039 2
481 27685 4019 3637 4039 4285 1
482 27742 7077 6068 4483 4049 2
483 27801 4435 5812 4009 5652 2
484 27861 5852 5862 3645 4309 1
485 27921 7077 4397 6168 5872 2
486 27981 4375 4029 5832 5660 2
487 28041 4029 3629 4059 4301 1
488 28098 6747 6072 6132 5862 2
489 28154 4409 4019 4019 5652 2
490 28214 4019 5660 5872 4255 1
491 28269 6747 4437 4445 4039 2
492 28329 4435 5812 5812 5862 2
493 28388 5812 4059 5872 4265 1
494 28447 6747 4427 6164 3645 2
495 28504 4431 5832 5822 4049 2
496 28563 5812 5660 5862 4279 1
497 28618 6747 4397 4497 4059 2
498 28678 4355 4029 5812 5872 2
499 28734 4019 3629 4039 4255 1
500 28791 7077 6096 4475 4059 2
501 28848 6062 5822 3989 3645 2
502 28905 5812 3629 5660 4279 1
503 28963 7077 6088 4507 5660 2
504 29019 6092 4019 5852 5652 2
505 29079 5812 5872 4039 4263 1
506 29135 7077 6090 4505 5660 2
507 29195 4375 4019 5812 5660 2
508 29250 5822 3645 3645 4337 1
509 29310 7077 4433 6132 5862 2
510 29366 6098 4019 3989 3645 2
511 29424 5812 4039 4039 4331 1
512 29480 6747 4349 4525 3637 2
513 29537 4405 5842 5822 3645 2
514 29593 3999 4059 3637 4263 1
515 29648 6747 4407 6136 5872 2
516 29704 4357 5832 5822 3645 2
517 29763 3999 5660 3645 6026 1
518 29818 7077 4379 6144 5862 2
519 29878 6064 5832 3989 5872 2
520 29934 4019 5862 5862 6044 1
521 29991 6747 4421 4477 3645 2
522 30047 4389 3999 3989 4039 2
523 30105 3999 4039 3629 6024 1
524 30162 6747 4411 4485 3637 2
525 30219 4385 4019 4019 5660 2
526 30274 5812 4039 5872 6044 1
527 30330 7077 4429 6162 3645 2
528 30388 4423 4029 5812 5660 2
529 30445 4029 5872 3637 4303 1
530 30501 7077 6066 4503 4059 2
531 30557 4401 5822 5852 5652 2
532 30617 5812 3645 4039 6024 1
533 30676 7077 6068 4497 5652 2
534 30734 4385 3999 4019 4049 2
535 30794 4019 3637 3629 4337 1
536 30852 6747 4397 4517 5872 2
537 30908 4435 4029 5852 4039 2
538 30964 3989 3637 4039 6038 1
539 31022 6747 6064 6168 4039 2
540 31077 4355 5812 5822 4059 2
541 31137 5822 5872 5872 4311 1
542 31194 6747 6062 6168 5660 2
543 31250 4381 5842 5852 4049 2
544 31306 3989 5862 3637 6016 1
545 31366 6747 4435 4501 3629 2
546 31423 6090 4019 3999 5872 2
547 31479 5812 5872 4049 6038 1
548 31539 6747 4397 4507 4039 2
549 31597 4421 5842 5832 3645 2
550 31654 4009 3629 3637 4281 1
551 31713 7077 6090 4453 4049 2
552 31771 6062 5842 4019 5872 2
553 31827 5842 5862 4039 4265 1
554 31887 7077 4359 4451 4049 2
555 31942 6072 4029 3999 4039 2
556 31998 4009 3629 4049 6050 1
557 32056 7077 6070 4493 4059 2
558 32114 4357 5832 5832 4039 2
559 32170 5842 3629 5660 6048 1
560 32230 7077 4425 4521 5872 2
561 32286 4389 5822 4009 4039 2
562 32343 5852 3645 3629 4303 1
563 32402 7077 4377 4481 3645 2
564 32457 4437 5842 3999 3637 2
565 32517 3989 5872 4049 4289 1
566 32574 6747 4403 4497 4049 2
567 32633 6060 4019 4019 5872 2
568 32691 3989 4059 5660 4309 1
569 32746 6747 4355 4453 5872 2
570 32803 6098 5812 3989 5862 2
571 32859 5832 3637 4039 6048 1
572 32914 6747 6064 6160 4039 2
573 32973 4423 4009 3989 3645 2
574 33032 5812 3637 3629 6022 1
575 33092 6747 4399 6134 5660 2
576 33151 4387 5832 4029 4059 2
577 33206 5822 3637 5872 6026 1
578 33265 7077 4373 4453 5660 2
579 33324 4349 4019 5852 4049 2
580 33380 4019 5872 4049 4329 1
581 33440 7077 4387 6134 4039 2
582 33500 4431 4009 3989 4039 2
583 33560 3999 5660 4039 4267 1
584 33618 7077 4349 4449 3645 2
585 33676 4355 5852 5842 4059 2
586 33733 4029 4039 3645 4337 1
587 33793 6747 4427 4493 5872 2
588 33850 6088 5812 3999 5652 2
589 33905 5832 3637 4059 4339 1
590 33961 6747 6070 4457 5652 2
591 34017 6084 5842 5822 4039 2
592 34077 5842 5862 3645 4291 1
593 34137 6747 4435 4483 5660 2
594 34194 4383 4009 5842 5660 2
595 34254 4019 4049 5872 6016 1
596 34313 6747 4421 6170 5660 2
597 34373 4357 4019 5852 5872 2
598 34429 5852 3637 3637 4333 1
599 34489 7077 4429 4497 4039 2
600 34545 4361 4009 4019 3629 2
601 34605 5832 3629 4059 6038 1
602 34663 6747 4399 4455 3637 2
603 34722 6086 5832 3989 4059 2
604 34781 4029 5872 4059 4311 1
605 34841 6747 6090 4483 5660 2
606 34900 6072 3989 4009 4049 2
607 34958 5822 4039 5872 6040 1
608 35017 7077 4383 6142 3637 2
609 35073 4401 5812 3999 5872 2
610 35130 4019 5872 4039 4329 1
611 35185 7077 4433 4455 5872 2
612 35240 4349 5852 5812 5862 2
613 35297 5842 5872 4059 4285 1
614 35355 6747 6064 4523 4059 2
615 35413 6066 5822 4029 3629 2
616 35472 5822 4059 5660 6046 1
617 35532 6747 6064 4451 5862 2
618 35589 4401 5842 4029 4039 2
619 35649 3989 4059 4059 4335 1
620 35709 7077 4377 6170 5652 2
621 35768 4353 4029 5812 5660 2
622 35823 5812 3629 5652 4305 1
623 35881 7077 4429 6170 3645 2
624 35939 4375 3989 5832 3637 2
625 35994 4009 5862 5660 4283 1
626 36049 7077 4389 4451 5652 2
627 36109 4361 4009 4029 5872 2
628 36165 4009 3629 4049 6022 1
629 36223 7077 4435 4503 5652 2
630 36283 4407 5822 5822 3637 2
631 36341 3999 3645 5872 6044 1
632 36399 6747 4411 4473 3629 2
633 36458 4383 4019 5822 3637 2
634 36515 5822 4039 5660 4329 1
635 36575 6747 6062 4517 4059 2
636 36630 4435 3989 5812 4059 2
637 36685 5842 5862 3645 4303 1
638 36744 7077 4433 6134 4059 2
639 36803 6090 3999 5832 5652 2
640 36862 3999 4049 4039 4253 1
641 36920 6747 6070 6564 4049 2
642 36979 4411 5842 5822 5872 2
643 37038 3999 4049 4049 4261 1
644 37093 7077 4359 6162 4039 2
645 37148 4403 5842 5852 4039 2
646 37205 4029 3629 4039 6018 1
647 37263 6747 4431 4521 5652 2
648 37321 4433 3989 5812 5652 2
649 37381 4029 3637 4049 4329 1
650 37437 6747 4389 4481 3637 2
651 37493 6096 4009 4019 5872 2
652 37549 5812 5652 3637 6022 1
653 37607 7077 6086 6164 4039 2
654 37667 4389 4029 5822 3645 2
655 37727 5822 3645 4059 4267 1
656 37786 7077 4363 4483 5862 2
657 37841 6090 5812 4019 4039 2
658 37899 4019 4059 5660 4283 1
659 37954 7077 4349 4453 5660 2
660 38010 4353 5822 3999 5862 2
661 38066 3989 5660 3637 6050 1
662 38126 7077 4383 4483 3637 2
663 38183 4357 4029 5822 3629 2
664 38240 5812 3645 5862 4293 1
665 38300 6747 4431 6142 5652 2
666 38358 6066 4009 5842 3629 2
667 38415 4029 3637 3645 4305 1
668 38473 6747 4355 4451 4059 2
669 38529 4375 4009 4019 5660 2
670 38584 5842 3645 5652 6022 1
671 38641 6747 6098 6156 5872 2
672 38699 4411 5832 3999 5862 2
673 38757 5832 3629 5660 6018 1
674 38814 7077 4373 4479 3629 2
675 38870 4361 3999 4029 3637 2
676 38925 5842 3637 5872 4277 1
677 38982 6747 4361 4451 5660 2
678 39037 4427 5842 3999 3629 2
679 39092 4019 4059 5652 4329 1
680 39147 6747 4363 4453 5660 2
681 39203 6072 5842 5822 4059 2
682 39263 5832 3637 4039 4293 1
683 39321 7077 4409 6166 3629 2
684 39379 4385 5822 5822 5872 2
685 39436 5822 4039 5862 4257 1
686 39491 7077 4429 4457 4049 2
687 39551 4389 3999 4029 5652 2
688 39610 5852 5862 3629 4305 1
689 39668 6747 4437 6170 3629 2
690 39724 4383 4009 5812 3637 2
691 39781 5842 4059 5660 4311 1
692 39840 6747 4423 4501 3629 2
693 39897 4435 5842 5822 4049 2
694 39953 5842 5872 5660 4293 1
695 40008 6747 4353 6162 5652 2
696 40064 6066 5822 4019 5862 2
697 40122 5812 5652 5862 6042 1
698 40177 7077 4387 4495 3645 2
699 40236 6070 3999 5842 3645 2
700 40293 4029 3645 3629 4293 1
701 40351 7077 4405 6566 3629 2
702 40411 4389 4009 3989 5652 2
703 40471 3999 5660 4049 4311 1
704 40530 7077 4405 4449 5652 2
705 40589 6074 4029 5832 3629 2
706 40646 5832 5652 3637 4257 1
707 40702 7077 4361 4505 3637 2
708 40762 6094 5822 4009 5660 2
709 40818 3999 3629 3645 4255 1
710 40878 7077 4403 4503 5862 2
711 40933 4399 5822 5832 3637 2
712 40992 5852 3637 5652 4279 1
713 41050 6747 4397 6134 5872 2
714 41110 4379 3999 4019 5660 2
715 41165 3989 3645 3645 4305 1
716 41224 6747 4423 4481 4039 2
717 41279 4387 3999 4029 4059 2
718 41335 5812 4059 3645 4315 1
719 41395 7077 6066 4529 5660 2
720 41453 6064 4009 4019 5862 2
721 41510 3989 3629 5652 6038 1
722 41566 6747 4381 4525 5652 2
723 41624 6098 5842 5812 4049 2
724 41679 4019 5862 4039 4283 1
725 41738 6747 4383 6142 3637 2
726 41798 4359 4009 5842 3645 2
727 41857 4009 3629 4049 4327 1
728 41916 7077 4431 6140 4049 2
729 41976 4427 5852 5842 5872 2
730 42034 3989 3637 4049 4259 1
731 42093 7077 4361 4495 5862 2
732 42151 4423 4009 5822 4039 2
733 42206 5812 3637 4049 4303 1
734 42265 6747 4375 6136 4059 2
735 42323 4421 4019 5842 4059 2
736 42381 5852 3645 5872 6024 1
737 42438 6747 4349 4501 3637 2
738 42495 4435 4019 5842 4039 2
739 42555 3999 4049 5862 4255 1
740 42614 7077 6070 6164 3629 2
741 42674 4427 3989 5842 5652 2
742 42730 5822 5652 3637 4335 1
743 42790 6747 6084 4521 4039 2
744 42845 6096 4029 5832 5872 2
745 42905 4009 4049 4059 4333 1
746 42960 7077 4405 6134 3645 2
747 43017 4363 5812 4029 5872 2
748 43073 5812 3637 3645 4253 1
749 43130 7077 4385 4527 4049 2
750 43190 4435 5812 5812 3645 2
751 43245 4009 3629 5652 4255 1
752 43302 6747 4433 4493 3629 2
753 43358 6098 4009 3999 5862 2
754 43416 5812 5872 5862 4253 1
755 43475 7077 6070 6564 4049 2
756 43530 4357 5822 3989 4049 2
757 43589 5832 3637 5862 4259 1
758 43648 6747 6096 4469 3645 2
759 43707 6086 5852 3999 5652 2
760 43767 5842 3645 3629 6044 1
761 43827 6747 4405 6156 4049 2
762 43884 4383 3999 4009 3637 2
763 43941 5832 5652 4049 4291 1
764 44000 6747 4411 4457 4049 2
765 44055 4431 5822 4009 3637 2
766 44113 5812 5660 5652 4335 1
767 44170 7077 4385 4517 4049 2
768 44226 6074 3989 4009 3645 2
769 44282 5812 5652 5862 4325 1
770 44337 6747 4355 4521 4039 2
771 44396 4387 4019 4009 5872 2
772 44455 3999 5872 5652 4291 1
773 44513 7077 6072 6170 5872 2
774 44573 4425 4019 4029 5652 2
775 44629 4009 3629 3629 4285 1
776 44685 6747 4437 6170 4059 2
777 44740 4373 5832 5812 5872 2
778 44795 4019 5652 5862 6018 1
779 44850 7077 4351 4493 5660 2
780 44909 4423 3999 4019 4059 2
781 44964 3999 4039 4039 6046 1
782 45020 7077 4389 6158 3629 2
783 45077 4385 4019 5812 4059 2
784 45137 3999 5872 3637 4281 1
785 45195 6747 6088 6566 5652 2
786 45250 4411 5822 4019 3645 2
787 45308 4019 5660 5872 4285 1
788 45363 7077 4411 4481 4039 2
789 45421 6064 5842 5822 4059 2
790 45476 3999 5862 3629 4267 1
791 45532 7077 6066 4475 4039 2
792 45590 6096 5832 5842 5652 2
793 45648 5822 5652 5872 4315 1
794 45706 7077 4387 6170 4049 2
795 45765 6096 4029 5852 3629 2
796 45823 5822 3629 4049 4305 1
797 45881 7077 6096 4477 4039 2
798 45936 4411 4029 5852 3637 2
799 45991 4029 4039 4049 4287 1
800 46048 7077 4355 6162 4049 2
801 46108 6084 5842 4019 4059 2
802 46164 5842 3645 4059 6046 1
803 46224 7077 4351 6158 5862 2
804 46280 6094 3989 4029 4039 2
805 46340 4009 5652 3637 4301 1
806 46398 7077 4409 6170 3645 2
807 46458 4349 5852 5832 3629 2
808 46514 4029 3629 4049 6018 1
809 46574 7077 4399 4503 4049 2
810 46630 4421 5822 3999 4059 2
811 46688 4009 3645 4049 4283 1
812 46747 6747 4359 4501 5660 2
813 46807 4385 3989 4009 5652 2
814 46867 5832 5872 3629 6016 1
815 46926 6747 4373 4455 5660 2
816 46984 4351 3999 4029 5872 2
817 47039 5832 4059 5862 4283 1
818 47096 7077 4423 6164 4049 2
819 47152 6060 5832 3989 5660 2
820 47210 4019 3629 4049 4279 1
821 47267 7077 6094 6144 4059 2
822 47326 6068 5842 5832 5652 2
823 47384 5832 5660 4049 6018 1
824 47442 6747 6070 4483 3637 2
825 47502 4409 3989 5832 3637 2
826 47557 3999 3629 5652 4287 1
827 47614 6747 4399 6142 4039 2
828 47672 4407 4029 3999 4049 2
829 47729 5812 5652 3645 6042 1
830 47786 7077 6096 6164 3629 2
831 47844 6094 3989 4029 3629 2
832 47899 5842 4049 4059 6022 1
833 47958 6747 6066 6170 5862 2
834 48013 6064 5832 4029 3645 2
835 48069 4019 3629 5872 6024 1
836 48129 6747 4421 4521 3645 2
837 48185 4397 5822 5852 5652 2
838 48241 3999 3629 5862 4259 1
839 48298 6747 6090 6146 3629 2
840 48355 6060 3989 5852 4059 2
841 48414 5842 3637 5652 6044 1
842 48469 7077 4423 4451 5652 2
843 48529 4389 4019 4019 3637 2
844 48588 5852 4049 3629 4313 1
845 48644 7077 4401 4525 5652 2
846 48699 4437 3989 4029 3645 2
847 48755 4019 3629 5862 4341 1
848 48811 7077 4375 4471 4059 2
849 48866 6072 4009 4009 5652 2
850 48926 5842 5872 3629 6044 1
851 48981 7077 4401 6564 4039 2
852 49037 4379 5832 4019 3637 2
853 49094 5822 5872 5660 4309 1
854 49152 7077 6088 6566 4039 2
855 49211 4405 5852 5822 3629 2
856 49269 4019 5862 3629 6020 1
857 49325 7077 4385 6564 3629 2
858 49383 4411 5822 4019 5652 2
859 49438 5852 3629 4039 4339 1
860 49496 7077 6068 4517 5652 2
861 49556 4377 5842 5812 4039 2
862 49613 3999 5660 3645 4311 1
863 49672 7077 4411 6144 3629 2
864 49731 6066 5812 4019 5872 2
865 49791 3999 5660 5652 4285 1
866 49847 7077 4409 6132 4039 2
867 49902 6098 4029 5812 4039 2
868 49957 3989 5862 3637 4331 1
869 50017 6747 6098 4493 3645 2
870 50074 4385 5822 5822 3629 2
871 50129 5852 5862 5862 4283 1
872 50188 6747 4349 4483 5872 2
873 50248 4383 5822 4009 3645 2
874 50304 4019 5652 5872 4263 1
875 50362 7077 4377 4481 5652 2
876 50420 4433 3989 3999 5872 2
877 50480 5822 3645 5872 4263 1
878 50538 6747 4357 4445 4049 2
879 50595 6084 5842 4029 5872 2
880 50652 5832 3629 5660 4283 1
881 50712 6747 4409 4451 5652 2
882 50770 4375 5812 5812 4059 2
883 50826 4019 3637 4059 4257 1
884 50881 7077 4399 4497 4059 2
885 50940 4427 5832 3999 3645 2
886 50999 3999 4049 5862 4325 1
887 51058 6747 4373 4523 4059 2
888 51117 4359 4019 5842 4039 2
889 51175 5832 3629 3637 4263 1
890 51234 6747 4403 4473 3629 2
891 51291 6072 4009 4029 5652 2
892 51349 3999 4059 3637 6016 1
893 51405 7077 4425 4451 5872 2
894 51463 6088 5842 4019 3629 2
895 51523 4029 5652 3637 4309 1
896 51582 6747 4353 6160 3637 2
897 51638 6064 3999 5812 5862 2
898 51695 3989 4059 4039 4263 1
899 51750 7077 4389 6566 3637 2
900 51810 4353 4009 4029 5660 2
