1 46 3999 3645 3637 4257 1
2 94 7077 6068 4527 4059 2
3 143 4355 4029 5832 5862 2
4 191 5852 4049 4049 4255 1
5 232 6747 4405 6142 5872 2
6 275 6084 4029 4019 5872 2
7 316 5852 5872 4059 4325 1
8 360 6747 4387 4507 4039 2
9 403 6068 4009 4009 5652 2
10 450 5832 3637 3629 6014 1
11 490 7077 4405 4481 5660 2
12 531 4427 5832 5812 4039 2
13 580 4019 3637 5652 4261 1
14 620 7077 4383 4525 4039 2
15 660 4361 5812 5822 5872 2
16 709 5822 5660 3645 4283 1
17 757 6747 4359 6170 3645 2
18 806 6068 5812 5822 4039 2
19 856 4029 5660 4039 4305 1
20 906 6747 4389 6164 3629 2
21 946 4355 4009 5852 3629 2
22 995 5812 5652 4049 4331 1
23 1037 6747 4389 4477 5872 2
24 1081 4357 3989 4009 3629 2
25 1130 4029 4059 3645 4337 1
26 1175 7077 4353 4477 5862 2
27 1219 4351 5832 3999 5652 2
28 1262 5832 4059 4049 4331 1
29 1307 6747 4397 6162 3645 2
30 1348 4359 4019 5832 3629 2
31 1391 5842 3645 5652 6048 1
32 1431 6747 4409 4475 3645 2
33 1479 4385 5842 3999 3645 2
34 1520 5842 5652 5652 4263 1
35 1570 6747 4403 6136 5660 2
36 1615 4379 5842 5842 4039 2
37 1660 3999 5872 4049 4287 1
38 1704 6747 4385 6164 4039 2
39 1749 6070 5822 4009 4039 2
40 1790 5822 4059 3629 6046 1
41 1833 6747 6086 4469 3637 2
42 1873 4433 5842 4029 5862 2
43 1914 3989 5652 5872 6018 1
44 1960 7077 6068 4475 5862 2
45 2010 4397 4029 5852 5660 2
46 2059 4019 5652 5862 4291 1
47 2101 6747 4361 6162 4039 2
48 2149 4389 4019 5812 5862 2
49 2191 4029 4059 3637 6040 1
50 2231 6747 6092 4455 4049 2
51 2277 4387 3999 3999 4049 2
52 2324 4009 5660 3637 6048 1
53 2372 6747 6096 6160 5872 2
54 2413 6094 4009 5812 4059 2
55 2453 3989 3645 4059 4337 1
56 2495 6747 6088 4517 3645 2
57 2537 4385 5852 5852 5652 2
58 2582 5832 5862 5872 6024 1
59 2626 6747 6060 4449 3637 2
60 2669 4431 3989 4029 4049 2
61 2719 5812 4059 3629 4293 1
62 2759 6747 4397 4523 5652 2
63 2802 6070 3989 4029 3637 2
64 2842 3989 5862 3645 4331 1
65 2890 7077 4409 4447 4049 2
66 2930 4431 5842 5812 3645 2
67 2980 5842 4049 3629 4279 1
68 3030 6747 4353 6158 3629 2
69 3080 4397 3989 5812 5660 2
70 3125 5842 4059 5652 4253 1
71 3171 7077 4349 4473 4049 2
72 3217 4361 4029 4029 3629 2
73 3263 5842 5660 4049 4307 1
74 3309 6747 4359 4529 5872 2
75 3352 4377 5812 5842 3637 2
76 3398 4029 5862 5862 4293 1
77 3444 6747 4411 4505 4039 2
78 3484 4353 5812 3989 5660 2
79 3528 5812 5872 5862 4287 1
80 3576 7077 4401 4507 5660 2
81 3625 4389 4019 4029 4039 2
82 3673 4019 4049 4049 4265 1
83 3713 6747 4359 6156 4059 2
84 3754 4375 4029 4019 5660 2
85 3797 3989 4049 3637 4333 1
86 3846 6747 4411 4457 4059 2
87 3896 6064 3999 3999 5660 2
88 3939 4019 3645 4039 4255 1
89 3984 7077 6090 4457 5872 2
90 4031 4411 4009 4009 4039 2
91 4081 5832 4059 3645 6014 1
92 4128 6747 4411 4445 4039 2
93 4178 6070 5832 5812 4059 2
94 4227 5822 4049 3645 6046 1
95 4277 6747 6068 6158 4059 2
96 4318 4361 4009 5852 5862 2
97 4362 3989 3629 5872 6014 1
98 4407 6747 4403 4475 4059 2
99 4451 4351 3989 5812 5660 2
100 4491 5852 5660 4039 6012 1
101 4539 7077 4361 4495 5872 2
102 4582 4373 3999 4009 3637 2
103 4623 4019 4059 4039 4277 1
104 4670 6747 4387 6564 5660 2
105 4711 4435 5852 3989 3629 2
106 4757 5852 3645 4059 6038 1
107 4803 7077 6062 4473 3645 2
108 4852 6096 5822 5832 5862 2
109 4893 4019 3637 4039 4341 1
110 4935 6747 4387 4497 5652 2
111 4980 4405 3999 4009 5652 2
112 5027 5812 3637 5652 6014 1
113 5071 7077 4399 6564 3629 2
114 5112 6060 4019 5812 3637 2
115 5159 3999 5862 3637 6042 1
116 5207 7077 4435 4525 5652 2
117 5250 4429 5852 3999 3629 2
118 5290 5842 4059 5872 4311 1
119 5335 7077 4351 4503 5660 2
120 5383 4381 5852 5852 3629 2
121 5430 4029 4049 5862 4331 1
122 5474 7077 4373 4455 3645 2
123 5517 4353 5842 4029 4049 2
124 5567 5842 4049 4059 4277 1
125 5612 6747 4359 4473 5862 2
126 5656 4355 4029 4009 4049 2
127 5698 3989 4049 5652 4325 1
128 5744 6747 4423 6160 3637 2
129 5794 4427 5812 4009 5660 2
130 5841 3999 5652 4049 4283 1
131 5882 6747 4399 6136 4039 2
132 5930 4351 4019 5852 3637 2
133 5979 4029 3645 3645 4305 1
134 6025 7077 4361 6140 4049 2
135 6070 6060 5852 4009 5652 2
136 6120 5852 5660 5652 6020 1
137 6167 6747 4427 4507 5862 2
138 6212 6062 4019 4009 4049 2
139 6255 5852 4059 4039 4261 1
140 6295 7077 4375 4493 5862 2
141 6341 4433 3999 5842 5652 2
142 6391 5812 4049 5652 6026 1
143 6439 7077 4379 4503 3645 2
144 6483 4359 5812 4029 5652 2
145 6531 4019 4059 4049 4301 1
146 6571 7077 4427 6142 4049 2
147 6612 4433 3999 5822 3637 2
148 6662 5822 5652 3629 6046 1
149 6704 6747 4435 6132 3637 2
150 6747 4375 5832 5812 3645 2
151 6792 4009 3645 4059 6020 1
152 6838 7077 4361 6168 5652 2
153 6888 4385 5842 5852 5872 2
154 6935 4019 5872 3645 4325 1
155 6983 6747 6074 6566 5862 2
156 7032 4399 4029 5822 4049 2
157 7076 5822 5862 3637 4267 1
158 7119 7077 4387 6564 3629 2
159 7164 6062 5812 4009 3629 2
160 7205 5822 5862 3629 6018 1
161 7245 7077 6068 6162 4039 2
162 7287 4431 4019 5832 5652 2
163 7330 5842 5652 4059 4305 1
164 7371 7077 4437 6136 3645 2
165 7411 6094 5822 4019 5872 2
166 7453 3989 5862 5652 4331 1
167 7501 6747 6086 6142 5660 2
168 7542 6092 3989 4009 5652 2
169 7587 5832 5652 4039 6020 1
170 7632 6747 4363 6144 3637 2
171 7675 4429 5832 5822 5862 2
172 7718 3999 5862 4049 4325 1
173 7763 7077 4361 6142 4049 2
174 7808 6084 3989 5812 3629 2
175 7855 4009 5660 5652 4257 1
176 7898 7077 6060 6140 4049 2
177 7948 4431 4019 5852 4059 2
178 7989 3999 5652 5652 6018 1
179 8039 6747 6064 6136 5652 2
180 8080 4383 5812 3989 4039 2
181 8123 5822 4059 3637 4309 1
182 8169 6747 6090 4479 4049 2
183 8219 4429 4009 4029 5652 2
184 8269 5812 4039 5872 4327 1
185 8316 7077 4427 4453 4049 2
186 8362 4385 5852 4009 5652 2
187 8407 5832 3637 5862 6044 1
188 8454 7077 4421 4445 3637 2
189 8501 4373 3999 3989 4059 2
190 8547 3999 5652 3645 4315 1
191 8589 7077 4381 4503 3645 2
192 8634 4349 5852 5812 4039 2
193 8677 5822 4049 4059 4327 1
194 8718 7077 6060 6160 3637 2
195 8763 4423 5832 5832 5872 2
196 8803 5842 5862 5660 4327 1
197 8843 6747 6084 6142 5862 2
198 8893 4401 5812 3999 4049 2
199 8936 5852 4039 4039 4309 1
200 8977 6747 6064 4529 4049 2
201 9018 4411 4019 3989 3637 2
202 9068 5812 3637 3629 6042 1
203 9118 7077 4381 6566 4049 2
204 9161 4433 5812 3999 4039 2
205 9204 5832 3629 5862 4309 1
206 9250 6747 4355 4501 3629 2
207 9298 4399 4029 5842 5652 2
208 9345 3989 3629 5660 6014 1
209 9385 6747 4409 4477 4059 2
210 9432 6072 5842 5822 5652 2
211 9473 5812 5862 5660 6050 1
212 9518 6747 4379 4475 5872 2
213 9563 4397 4029 4009 5862 2
214 9607 5852 4039 5862 6024 1
215 9649 6747 6090 6160 4059 2
216 9691 4411 5812 3989 4059 2
217 9740 5832 5652 5872 6048 1
218 9785 6747 4425 6132 4049 2
219 9827 4397 3999 5852 5660 2
220 9870 3999 4039 3645 6024 1
221 9919 7077 4403 4451 3629 2
222 9969 4385 4029 4019 3645 2
223 10014 5832 5652 3645 4329 1
224 10063 7077 4355 4525 4049 2
225 10108 4407 5832 3999 5660 2
226 10152 3999 3645 4039 4265 1
227 10194 6747 4397 4501 4039 2
228 10236 4429 5852 4029 4059 2
229 10284 4029 3645 5862 4305 1
230 10328 7077 4373 4493 3645 2
231 10373 4429 4019 5842 5660 2
232 10423 3989 5862 3629 4281 1
233 10466 7077 6062 4447 4039 2
234 10515 4357 5822 4009 4049 2
235 10560 4009 5660 4039 4277 1
236 10610 7077 4437 4453 3629 2
237 10651 6084 5852 5822 4039 2
238 10700 5822 5862 4049 6016 1
239 10748 7077 4373 6140 5660 2
240 10792 4427 4019 4029 4059 2
241 10841 3999 4049 5652 4327 1
242 10886 6747 6060 4525 5872 2
243 10927 6062 3989 5812 4039 2
244 10967 3999 4049 3637 4253 1
245 11010 6747 4349 4473 5652 2
246 11056 4409 5812 3989 5862 2
247 11098 4029 5652 3645 4293 1
248 11146 7077 6090 6142 5652 2
249 11186 4377 4009 3999 5660 2
250 11232 3999 5872 4059 6040 1
251 11279 7077 6086 4499 5652 2
252 11324 6090 5832 5832 5652 2
253 11367 3989 5862 3637 4339 1
254 11410 7077 4423 4519 3629 2
255 11454 4363 3989 4009 4049 2
256 11499 5852 4039 4049 4331 1
257 11545 7077 4399 4455 3629 2
258 11585 4399 3999 4019 5660 2
259 11634 5832 3645 3645 6036 1
260 11682 6747 4435 4517 5862 2
261 11724 4427 4019 4009 5660 2
262 11764 5852 5872 3645 6024 1
263 11805 7077 4431 4457 3645 2
264 11852 4399 4009 5852 5862 2
265 11898 5822 3629 5652 4265 1
266 11939 7077 4377 4501 5862 2
267 11982 4431 3999 5832 3637 2
268 12030 5842 3645 4049 4325 1
269 12071 6747 4383 4527 4039 2
270 12112 4411 5842 4029 3637 2
271 12159 5852 3629 3637 4283 1
272 12200 7077 4375 6168 3637 2
273 12243 4359 5852 5852 3645 2
274 12287 3989 4049 3629 6020 1
275 12327 7077 6070 4527 4049 2
276 12377 4409 4029 5822 5652 2
277 12419 5832 4059 4059 6042 1
278 12461 7077 4405 4477 3629 2
279 12504 4427 5822 3989 3645 2
280 12545 4019 5872 5660 4307 1
281 12591 7077 4381 4459 5862 2
282 12641 4425 5842 5822 3645 2
283 12681 4009 3637 5862 4277 1
284 12729 6747 4375 6162 4039 2
285 12778 4379 5832 5832 4059 2
286 12820 4029 5652 4039 4293 1
287 12860 7077 4401 4499 3637 2
288 12900 6060 4009 5822 5872 2
289 12945 4019 4049 5660 4293 1
290 12995 6747 4433 4499 3637 2
291 13035 6090 5832 3989 4059 2
292 13084 3999 4059 3629 6014 1
293 13129 7077 4403 4481 5862 2
294 13170 4357 5832 5812 5652 2
295 13217 3999 5652 3637 6050 1
296 13260 7077 6074 6146 3637 2
297 13310 4377 5812 5822 4059 2
298 13354 3989 5660 3645 4283 1
299 13402 7077 4387 4481 4059 2
300 13442 4385 3999 3989 5660 2
301 13484 4029 4039 5652 4339 1
302 13528 7077 6090 4495 5862 2
303 13568 4385 5852 5832 5862 2
304 13608 5842 3645 5862 4279 1
305 13656 7077 6098 6158 4049 2
306 13703 4377 5852 3999 4049 2
307 13743 5842 3629 5660 4289 1
308 13783 7077 4433 4501 5872 2
309 13831 6086 5852 5832 3629 2
310 13877 5822 5862 5862 6038 1
311 13925 6747 4351 4493 5652 2
312 13971 4385 3989 4019 3645 2
313 14014 4029 3645 3637 4281 1
314 14056 6747 4359 4499 5652 2
315 14100 4355 4009 5832 5862 2
316 14145 5832 3645 4059 4307 1
317 14186 6747 4379 4521 5652 2
318 14230 4379 5832 4029 5652 2
319 14276 3989 5862 4059 4287 1
320 14326 6747 6066 4497 4039 2
321 14376 4433 4009 5812 4059 2
322 14423 5852 4039 4049 4287 1
323 14465 6747 6090 6140 5652 2
324 14509 6096 5812 5852 5652 2
325 14559 3989 5660 4039 4257 1
326 14609 6747 4405 4495 4039 2
327 14657 4397 4029 3989 3637 2
328 14707 3989 3637 4059 4287 1
329 14754 7077 4423 6166 5872 2
330 14797 4405 5852 5832 3637 2
331 14838 5832 4059 5862 4267 1
332 14881 6747 6084 4493 3637 2
333 14921 4401 4019 3999 5862 2
334 14966 5812 3637 5660 4267 1
335 15013 6747 4389 6132 3637 2
336 15062 4431 5822 5842 4039 2
337 15107 5842 3645 3637 4263 1
338 15154 6747 4375 4455 4039 2
339 15202 6092 4029 3999 5872 2
340 15248 4029 3637 4049 4331 1
341 15292 7077 4357 6146 4039 2
342 15338 4421 5852 3999 3645 2
343 15382 4029 3637 4049 4285 1
344 15430 6747 4399 4499 5660 2
345 15478 6064 5842 5812 3629 2
346 15522 4009 4039 5862 4289 1
347 15562 7077 4437 4447 4039 2
348 15603 4407 4029 4019 3629 2
349 15646 5852 5872 5660 4305 1
350 15691 6747 6086 6134 4059 2
351 15735 4401 5832 4009 4059 2
352 15778 5812 5660 3629 6026 1
353 15818 6747 6064 4521 3645 2
354 15860 6064 5812 4029 5872 2
355 15906 4029 5872 3629 4289 1
356 15953 6747 4403 4485 5660 2
357 15997 4381 5822 3989 3645 2
358 16040 5842 5872 3637 6048 1
359 16086 6747 6088 4505 3637 2
360 16126 4411 5842 4029 3645 2
361 16174 4019 3637 5652 4261 1
362 16221 6747 4435 4519 3629 2
363 16268 6066 5812 4029 4059 2
364 16318 4029 3629 5652 4255 1
365 16365 6747 4429 4469 5660 2
366 16413 6070 3999 3989 3629 2
367 16458 4009 4049 5652 4253 1
368 16500 6747 4381 6564 4049 2
369 16542 4433 5842 4019 5660 2
370 16582 5812 5660 3637 4277 1
371 16627 7077 4409 4475 3645 2
372 16668 4403 5852 5842 3645 2
373 16708 4019 5660 4049 6050 1
374 16754 7077 4355 4521 5862 2
375 16795 4383 3989 3989 4039 2
376 16840 4019 5872 3645 4285 1
377 16890 6747 4409 4455 4039 2
378 16932 4349 4029 5812 5660 2
379 16976 3999 3637 3645 6046 1
380 17026 6747 4349 4469 4059 2
381 17069 4433 4029 4019 3629 2
382 17112 5842 4049 5872 6040 1
383 17154 6747 6066 6566 4059 2
384 17197 6098 4029 5822 4039 2
385 17241 5832 3629 4059 6022 1
386 17287 6747 6090 6144 5862 2
387 17335 4437 5842 5852 4039 2
388 17385 5852 4039 5872 4329 1
389 17429 6747 6074 6170 3637 2
390 17471 4427 5842 5832 3637 2
391 17519 4009 5660 4039 6038 1
392 17561 6747 4409 4451 3629 2
393 17606 4359 5852 4029 3629 2
394 17647 4029 3645 5652 4337 1
395 17696 6747 6094 6144 5862 2
396 17736 6090 5832 5812 5652 2
397 17783 4019 3629 3629 4301 1
398 17827 7077 4379 4481 4039 2
399 17875 4401 4009 4029 5652 2
400 17922 5852 4049 5862 4307 1
401 17962 7077 4361 6142 3629 2
402 18009 4437 5812 5832 5872 2
403 18056 3989 5660 4039 4257 1
404 18103 6747 4353 4529 3637 2
405 18143 4359 5822 4019 5660 2
406 18190 3999 3629 5872 4335 1
407 18236 6747 4375 4493 4039 2
408 18282 4349 5822 5832 5652 2
409 18332 4029 4059 5862 4311 1
410 18372 6747 4381 4485 5862 2
411 18416 4355 4029 5822 4039 2
412 18458 5832 5872 5652 4335 1
413 18508 7077 4379 6162 4059 2
414 18551 4351 5822 4009 5862 2
415 18597 5852 5862 4039 4293 1
416 18639 6747 6070 6156 5862 2
417 18682 4409 5832 4009 4059 2
418 18728 5812 5872 4049 4279 1
419 18776 7077 6088 4503 4049 2
420 18816 4401 5842 5852 5660 2
421 18862 4009 4059 4049 4293 1
422 18907 6747 6094 6146 4059 2
423 18949 6098 3989 5832 5872 2
424 18995 5812 5652 5660 4307 1
425 19045 6747 4353 6168 5660 2
426 19091 4423 4029 5822 5660 2
427 19137 5842 5862 5660 4305 1
428 19187 7077 6066 4473 5660 2
429 19236 4349 4019 5842 5862 2
430 19286 3989 3637 3629 4283 1
431 19333 7077 4379 4453 5660 2
432 19377 4433 4029 4009 4059 2
433 19427 5852 5652 5872 4325 1
434 19472 7077 6062 4501 5872 2
435 19513 6090 5822 5822 4049 2
436 19559 5842 4049 3629 4307 1
437 19608 7077 4373 4527 5862 2
438 19653 4421 5812 5832 3629 2
439 19694 3989 5862 3629 4263 1
440 19735 7077 4359 4449 5862 2
441 19775 4403 4019 5832 5872 2
442 19816 5842 4039 3637 6044 1
443 19861 6747 6092 6134 5660 2
444 19904 4383 5812 5822 4039 2
445 19944 3999 3645 4049 4263 1
446 19987 6747 6070 4485 4039 2
447 20030 4431 5832 4009 4039 2
448 20079 5832 3629 5660 4309 1
449 20126 7077 4435 4517 3645 2
450 20167 4409 5812 4019 4049 2
451 20211 4029 5862 4059 4253 1
452 20255 7077 4427 4451 5872 2
453 20303 4361 4009 5842 4049 2
454 20349 5842 3645 4059 4301 1
455 20392 6747 6072 6134 4039 2
456 20434 6094 3989 5832 5862 2
457 20484 5852 3637 3645 6012 1
458 20528 6747 4409 4503 5862 2
459 20570 4425 5832 4009 4049 2
460 20618 3999 4049 3629 4307 1
461 20658 6747 6098 4451 5652 2
462 20698 4357 5852 4019 5862 2
463 20748 4019 4049 4059 6036 1
464 20790 7077 4355 6164 3645 2
465 20837 6092 5842 4009 3629 2
466 20883 4019 5652 4059 4281 1
467 20926 7077 4423 4521 5862 2
468 20973 4409 4029 5822 4049 2
469 21016 5812 3637 4039 6024 1
470 21063 6747 4377 6132 5652 2
471 21104 6070 4029 5832 5862 2
472 21146 4009 5872 5652 6044 1
473 21192 6747 4411 4475 4039 2
474 21235 6088 5852 4029 3645 2
475 21280 3999 5660 5872 6012 1
476 21321 7077 4385 6132 3637 2
477 21369 4375 5852 3999 4049 2
478 21419 4019 5872 4049 4325 1
479 21463 6747 4429 4471 5872 2
480 21510 4407 3999 5852 5660 2
481 21554 4009 4059 5652 4315 1
482 21596 6747 4401 6136 5660 2
483 21642 4389 4009 3989 3637 2
484 21682 5812 5660 4049 6036 1
485 21725 7077 4351 4501 5652 2
486 21770 6092 5812 3999 3645 2
487 21820 5812 5872 3645 4307 1
488 21868 6747 6088 4525 5862 2
489 21912 4355 5832 4019 3645 2
490 21959 3999 3637 4039 4325 1
491 22008 6747 4403 4473 4039 2
492 22056 4427 5832 3989 5872 2
493 22106 5842 5872 4059 6040 1
494 22155 7077 4397 4499 4059 2
495 22197 4397 5842 5822 4049 2
496 22244 5852 4049 5652 4325 1
497 22284 6747 4435 4493 5652 2
498 22325 6072 5812 5842 5652 2
499 22373 4019 5872 3637 6016 1
500 22416 7077 4387 6158 4059 2
501 22460 4425 4029 4009 3629 2
502 22503 5832 3645 3645 4337 1
503 22548 6747 4403 4445 4049 2
504 22590 4377 5822 4029 5652 2
505 22630 4029 3629 3629 6026 1
506 22679 6747 6092 4453 4059 2
507 22719 6068 4029 3999 5872 2
508 22760 4019 3645 3629 4257 1
509 22807 7077 4349 6142 5872 2
510 22852 4421 4029 5832 3629 2
511 22894 5832 5660 3645 4315 1
512 22935 7077 6066 4507 3645 2
513 22977 4421 3989 5832 5660 2
514 23023 4029 5660 3637 4277 1
515 23069 7077 4421 4459 4039 2
516 23119 4409 4019 5812 5652 2
517 23164 5832 4039 5872 4259 1
518 23209 7077 4379 6564 4049 2
519 23253 4357 4019 3999 4039 2
520 23300 5842 5862 3645 4287 1
521 23342 7077 4425 4505 4049 2
522 23390 6072 4009 3999 5862 2
523 23434 5822 3629 4039 4329 1
524 23482 6747 4355 4481 5872 2
525 23526 4361 4029 3989 3645 2
526 23566 5822 4059 3637 4329 1
527 23609 6747 6068 6158 3637 2
528 23653 4403 3989 5852 5652 2
529 23701 5842 3629 5862 4291 1
530 23750 6747 4401 4473 5872 2
531 23793 6092 4009 5812 5872 2
532 23835 5852 3637 3645 4287 1
533 23877 7077 4381 4475 5652 2
534 23921 4387 4029 5812 4039 2
535 23969 5812 4039 5660 4291 1
536 24009 6747 4421 4521 5862 2
537 24058 6060 5822 5852 5652 2
538 24100 4029 4039 5872 6044 1
539 24142 7077 4377 6140 3637 2
540 24190 4353 5852 3999 4039 2
541 24237 5822 5652 3637 4341 1
542 24287 6747 6084 4451 5660 2
543 24334 4409 4009 5842 4039 2
544 24381 3999 5660 5652 4329 1
545 24423 6747 6070 4479 5652 2
546 24470 4409 5852 4009 3645 2
547 24518 4019 3645 3637 4263 1
548 24568 6747 4355 6156 5660 2
549 24614 4351 4019 3989 3629 2
550 24659 5812 3637 5660 4329 1
551 24707 7077 4349 6160 3645 2
552 24754 6086 3999 5822 4039 2
553 24803 5822 4049 3637 4315 1
554 24846 7077 6088 6170 3629 2
555 24894 4403 5852 5812 3629 2
556 24939 4019 4049 4059 6046 1
557 24988 6747 4375 4479 5872 2
558 25029 6098 5812 5842 5652 2
559 25071 5812 4059 5660 6036 1
560 25112 6747 4357 6140 3645 2
561 25162 4375 4019 5832 4039 2
562 25205 5822 3637 3637 4329 1
563 25245 6747 6090 6170 5660 2
564 25285 6072 4009 4009 5872 2
565 25325 5812 5652 5862 6040 1
566 25369 6747 4425 4485 5660 2
567 25409 4387 5822 5832 3629 2
568 25449 4009 5652 3629 4337 1
569 25494 6747 4361 4493 3637 2
570 25540 4401 5812 3989 3637 2
571 25589 5822 4049 4049 6012 1
572 25635 6747 4383 6146 5872 2
573 25677 4401 5812 4029 3645 2
574 25727 4009 3629 5862 4263 1
575 25777 7077 4353 4449 4059 2
576 25817 4387 5842 5852 3645 2
577 25866 4029 5872 5660 6050 1
578 25906 7077 6070 4497 4059 2
579 25947 4375 3999 4029 4039 2
580 25997 3999 3637 3637 4305 1
581 26041 7077 4407 4497 4059 2
582 26081 4349 5822 5832 4039 2
583 26128 3989 3629 5872 4265 1
584 26171 6747 4397 4453 5652 2
585 26220 4423 5852 3989 3637 2
586 26266 5822 4059 5872 6020 1
587 26316 6747 4389 4529 5872 2
588 26366 4425 3989 4019 3637 2
589 26411 5832 5652 5652 6048 1
590 26458 6747 6066 6140 3645 2
591 26499 4381 5852 3989 3629 2
592 26539 5852 4039 5652 6044 1
593 26587 7077 4373 4477 3629 2
594 26633 4429 5842 3999 3645 2
595 26674 4009 3637 3637 4329 1
596 26718 6747 6072 4495 4059 2
597 26763 4429 5832 3999 3637 2
598 26808 4029 4039 3645 4341 1
599 26848 6747 4429 4473 5660 2
600 26895 4387 3989 5832 5862 2
601 26935 5822 3637 3637 4301 1
602 26975 7077 4411 4505 3645 2
603 27019 6086 5832 4019 5652 2
604 27060 5822 5660 5862 4311 1
605 27101 7077 4423 6566 5872 2
606 27144 4409 3999 3999 5652 2
607 27184 4029 5862 3645 4333 1
608 27234 6747 4355 4475 3645 2
609 27278 6066 4019 5842 4039 2
610 27327 5842 4049 3645 4287 1
611 27377 7077 4437 4507 3629 2
612 27423 4437 5822 3989 4039 2
613 27465 5832 5660 5652 4301 1
614 27512 6747 4349 4499 5660 2
615 27556 4359 5842 5822 3629 2
616 27601 4019 5652 5652 6020 1
617 27643 7077 4357 4503 3637 2
618 27693 4403 4029 4019 3645 2
619 27739 5812 5652 4039 4261 1
620 27787 6747 4357 4485 3637 2
621 27830 4401 3999 3999 5660 2
622 27873 4019 3629 3637 6036 1
623 27918 7077 4383 6164 4059 2
624 27959 6094 4009 5842 5652 2
625 28009 5812 3637 3645 4289 1
626 28054 6747 4411 6134 4049 2
627 28095 6090 5822 5812 3645 2
628 28144 4029 4049 5872 4341 1
629 28192 6747 4403 6170 3645 2
630 28241 4375 3999 3999 4049 2
631 28288 3989 3645 5660 4285 1
632 28328 6747 6098 6136 4039 2
633 28372 6084 5822 4029 3637 2
634 28417 5832 4059 3629 6050 1
635 28466 7077 4379 4477 5652 2
636 28514 4361 5832 5832 4049 2
637 28562 3989 5872 4049 6022 1
638 28607 6747 4353 6146 4059 2
639 28657 4407 5822 4029 3629 2
640 28706 5822 5660 3637 6012 1
641 28753 7077 4389 4475 4039 2
642 28795 6070 4029 3989 4039 2
643 28843 5822 5652 5862 4267 1
644 28885 6747 6094 4495 3629 2
645 28930 4425 3999 4009 5872 2
646 28974 5832 4059 4039 6018 1
647 29017 7077 4387 4479 5872 2
648 29062 4401 3989 4009 5652 2
649 29110 5832 4059 4039 6036 1
650 29153 7077 6086 4457 5652 2
651 29201 4423 4029 5852 5862 2
652 29243 3999 5862 5872 4285 1
653 29290 7077 4353 6144 4049 2
654 29331 4397 4029 4009 3629 2
655 29373 5812 3637 4049 4287 1
656 29414 7077 4437 4519 4039 2
657 29455 4405 3999 5812 5862 2
658 29499 3989 5660 5862 4307 1
659 29549 7077 4399 4459 5660 2
660 29596 6088 4019 3999 3645 2
661 29640 5852 5660 5862 4337 1
662 29685 6747 4429 4459 4039 2
663 29725 6090 5842 5842 5652 2
664 29765 4019 4039 3645 4309 1
665 29805 7077 6090 4523 3637 2
666 29851 6088 3989 4029 3645 2
667 29891 4009 3629 3645 4327 1
668 29939 7077 6070 4485 4039 2
669 29983 4379 5842 5812 4059 2
670 30026 5832 4059 3637 4255 1
671 30069 7077 4375 6160 4049 2
672 30113 4435 5842 5832 3645 2
673 30154 5852 3637 3637 4329 1
674 30199 7077 4411 4471 3629 2
675 30239 6066 4029 4009 3637 2
676 30282 3989 5862 3637 4291 1
677 30326 6747 4425 6132 3629 2
678 30376 4353 3989 4009 3645 2
679 30423 4029 3629 5652 6012 1
680 30466 7077 6098 4519 3637 2
681 30508 6068 3989 5842 4039 2
682 30548 5822 3645 3637 6018 1
683 30594 7077 6096 4495 3629 2
684 30642 4351 5852 4019 5660 2
685 30689 4019 4049 4039 4305 1
686 30729 7077 4387 4519 4049 2
687 30779 6060 5812 3999 5660 2
688 30825 4029 4039 5862 4265 1
689 30875 6747 4425 6140 4039 2
690 30923 4361 3999 4019 5652 2
691 30971 4019 4039 4039 4331 1
692 31020 6747 4411 6566 3637 2
693 31067 4389 4029 5822 4059 2
694 31115 3999 4059 4059 6016 1
695 31165 6747 6070 4477 4039 2
696 31214 4387 5812 5832 3645 2
697 31255 4019 3629 5872 6026 1
698 31300 7077 4357 4495 4039 2
699 31345 4353 4019 3989 5652 2
700 31393 5842 5652 5652 6024 1
701 31434 6747 6074 4479 3645 2
702 31479 4373 5832 5832 4049 2
703 31520 3989 5862 5862 4267 1
704 31565 7077 6074 6162 4059 2
705 31612 4375 3999 4019 3629 2
706 31657 5822 4039 5660 4341 1
707 31706 6747 6070 6168 4039 2
708 31746 6070 4029 5852 4039 2
709 31786 4019 5862 5862 6042 1
710 31826 6747 4411 4495 3629 2
711 31874 6060 4029 5812 4059 2
712 31918 4019 4059 5862 4265 1
713 31965 7077 4411 4449 5872 2
714 32014 4435 4019 3999 5862 2
715 32061 5852 5660 3645 4257 1
716 32106 7077 4401 6162 3645 2
717 32148 4379 5832 5842 3629 2
718 32192 4029 5652 3645 4311 1
719 32234 7077 4405 6160 5862 2
720 32279 4355 3999 4019 5872 2
721 32329 5852 3629 4039 4307 1
722 32377 7077 6084 6166 5862 2
723 32423 6072 4029 3999 4049 2
724 32463 4029 4049 5862 6050 1
725 32511 7077 4379 4459 3629 2
726 32554 4349 3999 3989 5660 2
727 32595 4029 3629 4039 4291 1
728 32640 7077 4361 4521 5660 2
729 32685 6092 5852 4019 5660 2
730 32735 5852 5862 3629 4283 1
731 32783 7077 4403 4493 5660 2
732 32829 6094 5812 5812 5660 2
733 32870 5852 5660 3629 4281 1
734 32910 7077 4373 4517 3645 2
735 32950 6064 4009 5842 4039 2
736 32993 4029 4039 4059 6016 1
737 33043 7077 4425 6566 4059 2
738 33091 6068 4029 5812 5872 2
739 33131 5822 5660 3629 4257 1
740 33177 7077 4397 6160 5660 2
741 33221 4429 3989 5822 5660 2
742 33270 4029 3629 5872 4333 1
743 33318 7077 4349 6168 4059 2
744 33359 4363 3999 3999 5652 2
745 33400 5842 5872 5652 4335 1
746 33446 7077 4357 6142 3637 2
747 33495 6064 5822 4009 5660 2
748 33539 5852 5660 5872 4307 1
749 33581 6747 6088 4477 4039 2
750 33628 6070 5842 3989 4049 2
751 33669 5822 4039 4049 4307 1
752 33712 7077 4385 6166 4049 2
753 33758 4399 4009 4019 3645 2
754 33808 3999 4059 5872 4281 1
755 33858 7077 4385 6136 4049 2
756 33906 4427 4019 5812 3637 2
757 33949 5822 5862 5660 6046 1
758 33991 7077 4385 6144 3629 2
759 34032 6064 4009 5842 4039 2
760 34077 4019 3629 3645 6050 1
761 34125 6747 6072 6132 5660 2
762 34169 6088 4019 4019 5872 2
763 34219 3999 5652 4039 6018 1
764 34264 6747 4437 6166 3629 2
765 34312 4401 4019 3999 4059 2
766 34362 4029 5660 4059 4289 1
767 34412 7077 4379 6166 4059 2
768 34454 4383 4009 5812 4039 2
769 34497 4019 3645 3637 4307 1
770 34540 7077 4377 6138 5660 2
771 34586 6062 3989 5812 3645 2
772 34626 5822 4059 4059 4337 1
773 34671 6747 4363 6146 5862 2
774 34714 4375 4019 3989 4039 2
775 34755 5822 5652 3637 4283 1
776 34804 6747 6070 4523 5862 2
777 34851 6096 5812 5812 4039 2
778 34894 5852 5872 4039 4329 1
779 34936 6747 6070 4525 4039 2
780 34980 4377 5812 4009 5862 2
781 35025 4019 5872 5652 4325 1
782 35068 7077 4437 6146 3637 2
783 35108 4375 5832 5852 4059 2
784 35157 4009 4049 5652 4259 1
785 35201 6747 4363 6564 4049 2
786 35241 4377 4019 3999 5652 2
787 35286 5852 4039 4049 4281 1
788 35326 7077 6092 4483 5660 2
789 35372 4425 3989 3999 4059 2
790 35417 5812 3637 3637 4337 1
791 35461 7077 4383 4457 5660 2
792 35504 6064 5822 5822 5652 2
793 35549 5822 3645 3637 6026 1
794 35598 6747 4429 4449 3645 2
795 35639 6092 5842 5812 3637 2
796 35685 3989 5660 3645 4291 1
797 35730 7077 6086 4479 4039 2
798 35774 4357 5832 5852 5862 2
799 35818 4029 3629 4049 4329 1
800 35860 7077 4381 4529 3629 2
801 35908 4375 4019 5822 3637 2
802 35957 4009 3629 5660 6048 1
803 36004 7077 6096 6564 3637 2
804 36049 4429 5852 4029 5872 2
805 36089 5842 4059 5660 4265 1
806 36134 7077 6096 4469 5862 2
807 36179 4363 4009 5852 5872 2
808 36226 5822 3645 5862 6038 1
809 36274 6747 4425 4483 3637 2
810 36320 4363 5842 3999 5660 2
811 36363 5822 3629 5660 6036 1
812 36410 7077 4423 4483 5862 2
813 36456 6066 4019 5852 3645 2
814 36498 5822 5862 3637 4305 1
815 36541 6747 4409 6164 5660 2
816 36587 4355 5822 4019 3629 2
817 36631 3999 5652 5660 4253 1
818 36673 6747 6066 6170 4059 2
819 36715 6086 5842 5812 5862 2
820 36755 3999 5660 5862 6022 1
821 36799 6747 6064 6168 3629 2
822 36847 4373 5832 5832 5862 2
823 36895 5832 3629 5872 6042 1
824 36935 7077 6094 4477 5652 2
825 36981 4349 4029 3999 3629 2
826 37029 5842 5872 5660 4331 1
827 37073 7077 4429 4493 4049 2
828 37114 4375 5822 4009 3629 2
829 37157 5832 3645 4059 4265 1
830 37205 6747 4435 4469 5660 2
831 37255 4385 4009 4029 5872 2
832 37295 4019 3629 5872 6044 1
833 37344 7077 4401 4469 5660 2
834 37392 6096 3999 3989 5862 2
835 37433 5822 3645 3637 4279 1
836 37473 6747 6068 6564 3645 2
837 37519 6092 5812 5832 5660 2
838 37561 4019 5872 3637 6014 1
839 37610 7077 6064 6136 4049 2
840 37651 6064 4009 5812 5660 2
841 37692 5832 5660 4049 4311 1
842 37740 7077 4351 6156 4039 2
843 37785 4425 5852 5832 3637 2
844 37834 5812 5872 5652 4255 1
845 37881 7077 6074 4445 3645 2
846 37927 4429 5812 5832 4039 2
847 37977 4029 5872 5660 4285 1
848 38026 7077 4381 4445 4059 2
849 38074 4373 5842 3999 5872 2
850 38119 4019 3645 3637 4307 1
851 38165 7077 4421 4503 4049 2
852 38205 6096 5842 5812 3645 2
853 38248 5842 5660 3645 4329 1
854 38298 6747 6096 6138 5872 2
855 38347 4361 5842 3999 5872 2
856 38397 5842 4059 3637 4267 1
857 38447 7077 4403 6566 5872 2
858 38487 4401 4029 3999 4039 2
859 38535 3989 5660 5652 4291 1
860 38580 7077 4403 4521 4049 2
861 38625 4421 3999 4009 5872 2
862 38670 3999 3637 5652 4311 1
863 38714 6747 4381 6144 4039 2
864 38759 4423 4009 4029 5872 2
865 38800 3989 5862 3629 6046 1
866 38843 6747 4401 4485 5660 2
867 38886 6068 4009 5842 4059 2
868 38927 5832 3629 4039 4309 1
869 38969 6747 4409 4493 3645 2
870 39015 6084 4009 5842 3629 2
871 39056 5822 3637 4049 6016 1
872 39097 6747 4377 4527 3645 2
873 39145 4435 4019 5812 5660 2
874 39195 4029 5862 3637 4259 1
875 39237 7077 4351 4481 4039 2
876 39278 4363 5812 5832 4059 2
877 39324 4029 3645 5660 4253 1
878 39373 7077 4351 4447 3645 2
879 39421 6072 3999 5812 4059 2
880 39467 4029 4039 5872 4305 1
881 39511 6747 4385 6566 4049 2
882 39561 6088 5812 3989 5872 2
883 39609 5832 5872 4039 4287 1
884 39649 7077 4385 6146 5660 2
885 39691 6090 5822 5842 4049 2
886 39731 5832 4059 4049 6050 1
887 39775 7077 6074 6564 3645 2
888 39821 4373 5812 4029 4039 2
889 39867 4009 3637 5660 4289 1
890 39909 7077 4431 4519 4039 2
891 39958 4409 5822 4019 4049 2
892 40002 5842 3645 3629 6036 1
893 40051 7077 6064 6156 3637 2
894 40091 4353 3999 5812 5660 2
895 40138 5832 5652 5652 6048 1
896 40180 6747 4387 4529 5660 2
897 40222 6062 5852 3989 3629 2
898 40266 5842 5652 4039 4267 1
899 40314 7077 6066 4469 4059 2
900 40363 6070 5842 5812 5660 2
