1 37 4029 3645 5652 6044 1
2 69 6747 4357 4459 5660 2
3 102 6074 5852 5842 5660 2
4 142 3989 5652 5872 4335 1
5 173 6747 4377 4451 4059 2
6 204 4355 3999 5832 4059 2
7 243 4019 5872 5652 6046 1
8 277 7077 4435 4469 3645 2
9 314 4429 4019 4029 4049 2
10 352 5852 5862 3629 4313 1
11 382 7077 4373 6566 4059 2
12 422 6066 3999 5832 5660 2
13 457 4009 3645 4049 4259 1
14 487 7077 4361 6166 5862 2
15 519 6092 4029 4029 5862 2
16 556 5832 4039 4059 4267 1
17 587 7077 4351 4499 3645 2
18 619 6070 5842 4009 5872 2
19 658 5852 5872 3629 4307 1
20 690 6747 4363 4445 4039 2
21 721 4351 5832 4019 5872 2
22 756 5812 5660 4059 6016 1
23 790 6747 4409 6166 4049 2
24 825 6070 5842 5842 5862 2
25 861 5852 5872 3637 4259 1
26 893 6747 6062 4503 3637 2
27 930 6090 3999 4009 4059 2
28 967 5822 4039 5872 4283 1
29 1001 7077 4373 4475 5862 2
30 1041 4437 5842 5842 5652 2
31 1081 3989 4059 5660 4339 1
32 1115 7077 4405 4483 3637 2
33 1150 4387 5812 5812 3645 2
34 1186 5812 3637 4059 4309 1
35 1217 6747 6094 6170 4039 2
36 1248 6084 5842 4009 3637 2
37 1285 5842 4059 5872 4279 1
38 1315 7077 4437 4517 5862 2
39 1348 4387 5822 5842 3629 2
40 1385 4009 3645 4059 6022 1
41 1420 6747 4399 4479 4039 2
42 1454 4375 5852 3999 5660 2
43 1491 5842 4059 3645 4253 1
44 1524 6747 6088 6144 5872 2
45 1559 4361 5822 5842 5872 2
46 1595 5812 5872 4049 6040 1
47 1629 6747 4431 6166 5652 2
48 1660 6074 3999 5852 4039 2
49 1698 5852 4059 4049 6026 1
50 1733 7077 6066 4445 3645 2
51 1766 4421 5812 5852 3637 2
52 1806 4009 4039 3629 6016 1
53 1837 7077 6064 6132 5862 2
54 1872 4363 3989 3999 4049 2
55 1908 5832 4039 4049 4287 1
56 1942 7077 4407 4455 5872 2
57 1979 6060 3999 3999 3645 2
58 2016 3989 5652 3629 6026 1
59 2047 6747 4389 6144 3629 2
60 2082 4379 3989 4009 5652 2
61 2122 4009 4039 3637 4339 1
62 2155 6747 4385 4445 5872 2
63 2189 6072 3999 3999 3637 2
64 2228 5812 4059 5862 4325 1
65 2259 7077 4409 4485 5652 2
66 2292 4377 4019 5812 4039 2
67 2329 5832 3645 3629 4289 1
68 2360 7077 4437 4493 5660 2
69 2395 6090 5842 3999 5862 2
70 2434 4029 4059 5652 4303 1
71 2467 7077 4379 4451 5652 2
72 2505 6072 5822 5832 5872 2
73 2544 3989 3637 3637 4309 1
74 2579 7077 6072 4525 3637 2
75 2612 6064 5822 5832 5862 2
76 2649 5852 5660 5660 6014 1
77 2681 7077 6062 6132 3629 2
78 2719 6084 5812 5842 4039 2
79 2758 4009 5862 5862 4305 1
80 2793 6747 6094 4485 3629 2
81 2826 4421 3999 5832 4049 2
82 2864 5832 3637 4049 4309 1
83 2899 6747 4425 4445 3645 2
84 2933 4387 4019 4009 3629 2
85 2970 3999 4059 3637 4281 1
86 3003 6747 6062 6564 4049 2
87 3034 6088 4019 5842 5652 2
88 3071 5832 3637 5872 4331 1
89 3103 7077 4385 4517 4059 2
90 3139 4421 4019 3999 3645 2
91 3176 4029 3645 3645 6016 1
92 3208 6747 6098 4469 3637 2
93 3243 4431 5852 5852 5872 2
94 3279 3999 5660 4049 4303 1
95 3314 7077 6062 6164 5652 2
96 3352 4411 5822 5852 4059 2
97 3389 3989 3629 4049 4337 1
98 3423 7077 4387 4519 3629 2
99 3460 4387 3989 4019 4039 2
100 3497 5822 3629 5872 4261 1
101 3532 7077 6090 4495 5862 2
102 3563 4359 3999 4019 5652 2
103 3598 3989 4039 5862 4293 1
104 3628 7077 4389 6164 3637 2
105 3666 4411 5842 5842 4039 2
106 3703 5852 3645 3637 4263 1
107 3737 6747 4389 6166 5652 2
108 3770 4397 5832 5812 4039 2
109 3810 5852 5862 5660 4281 1
110 3841 6747 4349 4501 4039 2
111 3878 4397 5832 4029 3629 2
112 3915 3999 5872 5862 4341 1
113 3947 6747 4383 6136 5652 2
114 3978 4421 4029 5852 3637 2
115 4013 3999 5862 5862 6044 1
116 4048 7077 4385 4481 4049 2
117 4087 6070 3999 3999 4059 2
118 4125 4029 4059 3645 4261 1
119 4157 6747 4431 6156 3645 2
120 4192 4377 4029 5812 4059 2
121 4227 4009 4059 3637 4305 1
122 4262 7077 4361 4445 3629 2
123 4296 4361 4009 5822 4049 2
124 4332 5822 4039 5652 4315 1
125 4366 6747 4405 6144 5862 2
126 4400 4387 4029 5822 5660 2
127 4435 4019 4039 3645 4329 1
128 4465 6747 6090 6170 4039 2
129 4502 6084 4029 5822 5862 2
130 4537 5842 5652 3645 6036 1
131 4567 6747 6092 4503 5652 2
132 4598 4435 5842 4009 5862 2
133 4634 5842 3637 5652 4293 1
134 4665 6747 4421 4479 4049 2
135 4705 4373 4029 4009 4059 2
136 4744 5832 5862 4039 6038 1
137 4776 7077 6066 4451 4049 2
138 4810 4361 3999 5822 5652 2
139 4846 5822 5872 5862 6042 1
140 4880 6747 6066 4475 5872 2
141 4910 4353 5852 5852 4039 2
142 4947 5832 5872 5872 6044 1
143 4978 7077 4423 4445 5862 2
144 5010 4421 3999 4019 5652 2
145 5048 5842 4059 3629 4287 1
146 5078 7077 4379 4499 5652 2
147 5113 6084 4019 5822 5660 2
148 5152 4029 5872 5652 4289 1
149 5183 7077 6088 4469 4059 2
150 5220 6070 3989 3989 4059 2
151 5256 3999 3629 5872 4311 1
152 5288 6747 4425 6140 5660 2
153 5323 6070 3999 4019 3629 2
154 5361 5842 3629 3637 4285 1
155 5396 7077 4431 4525 4059 2
156 5427 4397 5812 4029 5872 2
157 5464 5822 4039 5862 4313 1
158 5496 7077 4397 4527 5872 2
159 5530 4359 4029 5842 4039 2
160 5566 5822 4049 5862 4339 1
161 5601 7077 4437 6138 4039 2
162 5637 4407 4019 4009 3629 2
163 5672 5832 3645 3645 4333 1
164 5705 6747 4355 4495 4059 2
165 5736 4427 5832 5812 3637 2
166 5775 5822 5660 4039 4307 1
167 5806 6747 4361 6166 3637 2
168 5836 4427 5812 4029 5660 2
169 5872 5832 4059 3637 4285 1
170 5906 7077 4421 4521 3645 2
171 5945 4425 4009 4029 3629 2
172 5981 5832 5872 5652 6036 1
173 6012 6747 4401 4457 4039 2
174 6050 4411 5842 3989 4049 2
175 6088 4029 4059 4049 6022 1
176 6119 7077 6068 6158 5862 2
177 6158 4397 5822 5812 4039 2
178 6195 4009 5872 5862 4255 1
179 6229 7077 4375 4495 3637 2
180 6266 4385 5822 5852 3645 2
181 6306 4009 3637 4049 4311 1
182 6340 6747 4353 4479 5652 2
183 6370 4437 3999 3989 5652 2
184 6405 5812 4049 3637 4267 1
185 6439 7077 6096 4455 4039 2
186 6469 4357 5822 5822 4039 2
187 6507 5832 4049 5660 6012 1
188 6541 6747 6070 4449 4059 2
189 6573 6070 5822 5812 4049 2
190 6611 4029 3645 3629 4301 1
191 6645 6747 4433 4479 3645 2
192 6679 6088 5832 5842 3629 2
193 6716 5812 4049 3629 4267 1
194 6751 7077 4405 4527 5872 2
195 6782 4431 5852 4009 5652 2
196 6822 5822 5872 4049 4303 1
197 6853 6747 6068 6164 3629 2
198 6887 4349 4029 4019 5862 2
199 6924 4029 3629 5862 4283 1
200 6958 6747 4429 4451 5872 2
201 6995 4399 5832 5822 5872 2
202 7030 5832 4039 5660 4327 1
203 7060 7077 6060 4493 5872 2
204 7097 6064 3999 3989 4059 2
205 7133 5842 4049 3629 4305 1
206 7168 7077 4387 6168 5652 2
207 7201 4373 3999 5852 4039 2
208 7241 4029 3637 4059 4253 1
209 7276 6747 4399 4521 5872 2
210 7312 6060 5852 3989 4059 2
211 7350 3999 5872 4049 4341 1
212 7381 6747 6088 4505 5872 2
213 7413 4389 3999 5812 3629 2
214 7450 5812 5872 3645 4279 1
215 7483 7077 4383 4497 4039 2
216 7518 4423 4029 5822 5652 2
217 7553 4029 5872 5872 4287 1
218 7587 6747 4423 4525 5652 2
219 7627 4361 5832 4019 3645 2
220 7664 4009 3645 3637 6026 1
221 7698 7077 4397 4501 5652 2
222 7735 6074 5852 3999 3645 2
223 7772 5842 3645 3629 4301 1
224 7805 6747 4351 6162 4059 2
225 7835 6086 3999 3989 3645 2
226 7872 4029 3629 3629 4259 1
227 7906 6747 4397 4507 5660 2
228 7938 4423 4009 3999 5660 2
229 7975 4029 5862 4039 6024 1
230 8005 6747 4405 4471 4049 2
231 8043 6074 5822 5832 3637 2
232 8078 5812 4049 5660 6050 1
233 8111 6747 4379 6170 3629 2
234 8150 6092 5812 4019 5862 2
235 8189 3999 4049 5872 4281 1
236 8224 6747 6074 4527 4049 2
237 8264 4435 5832 4019 5652 2
238 8304 4009 3637 3629 6016 1
239 8334 7077 6088 4477 5872 2
240 8371 4389 3989 5842 3645 2
241 8408 5842 4039 3637 4261 1
242 8438 6747 4357 6146 4039 2
243 8473 4431 4019 5812 3637 2
244 8509 4009 4039 4039 6018 1
245 8541 6747 6074 4483 5660 2
246 8578 4363 4029 3999 3645 2
247 8613 5842 4049 3645 4267 1
248 8645 6747 6084 6136 4039 2
249 8684 6066 5832 5822 3637 2
250 8721 3989 4039 3645 4311 1
251 8756 7077 4411 4455 4039 2
252 8789 4375 3999 3989 4059 2
253 8826 3989 4059 4039 4259 1
254 8860 7077 4379 6156 3645 2
255 8895 6094 3999 5822 3645 2
256 8935 5832 3637 3645 4335 1
257 8969 7077 6096 6132 5652 2
258 8999 6096 3989 5822 5660 2
259 9035 4029 5862 4059 6050 1
260 9066 7077 6068 6140 3637 2
261 9097 4409 3989 4009 4039 2
262 9134 5812 5872 4039 6024 1
263 9165 7077 4409 4477 4059 2
264 9199 4433 3989 4009 4049 2
265 9234 4029 4049 3645 4335 1
266 9266 6747 6086 6146 3629 2
267 9306 4373 4029 3999 3637 2
268 9342 4009 5862 5862 4281 1
269 9375 7077 4375 4523 5660 2
270 9406 4437 5842 5812 3629 2
271 9444 5822 4039 5660 6026 1
272 9478 6747 4349 6144 3645 2
273 9512 4399 4019 4019 5862 2
274 9547 4019 5872 3629 4293 1
275 9581 7077 4363 4523 3629 2
276 9612 6092 3999 5842 5872 2
277 9649 5832 4049 5862 6014 1
278 9684 6747 6092 4481 5872 2
279 9717 6092 5822 5852 5862 2
280 9752 5812 3637 5652 4279 1
281 9782 7077 6074 6146 5862 2
282 9816 4425 5852 5852 3637 2
283 9854 4019 4059 5872 4307 1
284 9885 7077 6068 4521 3645 2
285 9920 6066 3999 3989 4049 2
286 9955 5832 3629 4049 4341 1
287 9985 7077 4383 6162 5862 2
288 10025 4379 4029 5812 3629 2
289 10060 5832 4049 3637 4265 1
290 10092 6747 6074 6160 4059 2
291 10132 4405 5822 5852 4049 2
292 10167 3999 5862 4039 6036 1
293 10198 7077 6090 4469 5652 2
294 10232 4353 5832 3999 5862 2
295 10272 3999 3637 5862 4267 1
296 10304 6747 6086 4481 4039 2
297 10344 4351 5842 5832 4059 2
298 10382 3989 5862 5660 4285 1
299 10417 7077 4437 4477 5652 2
300 10447 6062 3989 5842 3645 2
301 10487 5852 4039 5652 4279 1
302 10521 7077 4379 6146 5862 2
303 10557 4349 5852 3989 3645 2
304 10596 3989 3637 4049 4335 1
305 10630 7077 4433 4475 3645 2
306 10669 6074 5842 5842 5660 2
307 10705 4009 5652 4039 4325 1
308 10738 7077 4397 4453 4039 2
309 10771 4353 5812 5832 4049 2
310 10810 4029 3645 5660 4333 1
311 10843 7077 6064 4501 5872 2
312 10879 4407 4029 5822 3637 2
313 10916 4009 3645 3637 4305 1
314 10946 6747 4433 6132 4059 2
315 10981 6060 5812 5842 3645 2
316 11019 4009 4059 3637 4301 1
317 11049 7077 6072 4485 4039 2
318 11081 4399 5832 3989 5652 2
319 11118 3989 5660 3629 6012 1
320 11149 7077 4351 6166 5660 2
321 11189 6074 5842 3989 4059 2
322 11225 5832 4039 4059 4259 1
323 11260 7077 4357 6146 5872 2
324 11297 6068 4009 5822 5862 2
325 11335 3989 4049 3637 6014 1
326 11369 6747 6086 4503 4039 2
327 11399 4381 3999 5852 5652 2
328 11434 4009 4049 4049 4293 1
329 11467 6747 4399 4457 4049 2
330 11506 4409 4029 5832 3645 2
331 11542 3989 3645 4059 4267 1
332 11575 6747 4363 6132 3629 2
333 11610 6094 4009 5852 4039 2
334 11647 4019 4039 5660 4307 1
335 11682 7077 4359 6142 5872 2
336 11714 4411 3999 4019 3637 2
337 11752 5852 3637 4059 4313 1
338 11787 7077 4407 6142 3637 2
339 11827 6072 3989 3989 3645 2
340 11865 5822 3645 5862 6016 1
341 11895 7077 4373 4451 4039 2
342 11930 6062 3989 3999 5872 2
343 11968 4029 3637 4059 4291 1
344 12001 6747 4357 4521 4049 2
345 12036 6064 3989 5852 3637 2
346 12075 5832 5652 4049 4337 1
347 12109 6747 4403 6170 5872 2
348 12149 6070 3989 3999 5652 2
349 12184 5832 3645 5862 4309 1
350 12214 7077 4425 4529 5652 2
351 12249 6066 3989 3989 5862 2
352 12288 4009 4059 4039 6040 1
353 12318 7077 6098 4449 3637 2
354 12357 4427 5822 5822 4039 2
355 12397 5822 5652 3637 6022 1
356 12430 6747 6064 6162 3629 2
357 12461 4385 3999 4009 4039 2
358 12501 5832 5652 4059 6018 1
359 12534 6747 4423 4457 5660 2
360 12570 4431 5852 4009 3645 2
361 12610 3989 3637 5660 4333 1
362 12645 6747 4351 4477 4039 2
363 12683 4401 5822 5852 5872 2
364 12721 4009 4049 3629 4325 1
365 12751 6747 4349 6144 4039 2
366 12785 4363 4009 4029 3637 2
367 12822 5832 3645 3629 4281 1
368 12853 6747 4403 4447 5872 2
369 12883 4431 5832 3999 5660 2
370 12918 3999 4059 5872 4277 1
371 12949 7077 6098 6162 4049 2
372 12986 6084 5852 4009 3629 2
373 13022 5842 3637 5660 4305 1
374 13053 7077 4421 4485 5652 2
375 13083 4379 3989 5832 5652 2
376 13118 4029 5660 4059 4257 1
377 13149 6747 6094 6132 4039 2
378 13187 4355 5812 4019 5652 2
379 13226 5842 3645 3645 4329 1
380 13258 7077 4361 4523 3637 2
381 13293 4421 4019 5832 4049 2
382 13330 3989 5862 4039 6012 1
383 13361 7077 4357 6162 4059 2
384 13395 4421 5812 5842 3629 2
385 13435 3989 4059 3637 4293 1
386 13468 6747 4355 4505 5660 2
387 13505 4423 4029 5822 4039 2
388 13544 5812 3645 4049 4307 1
389 13575 6747 4397 4503 5862 2
390 13613 4437 5812 5822 4049 2
391 13649 3999 4039 5872 6026 1
392 13682 6747 4387 4499 4049 2
393 13721 6094 5812 5832 3629 2
394 13756 3989 3629 5660 4261 1
395 13791 6747 6084 4517 4059 2
396 13825 4423 3989 5842 5660 2
397 13865 5822 3637 4039 4331 1
398 13897 6747 4375 6160 4049 2
399 13935 4423 4009 3999 3629 2
400 13971 4029 4049 5660 6042 1
401 14001 6747 4389 4505 3637 2
402 14035 4387 5822 5852 5660 2
403 14070 5842 5872 4059 4305 1
404 14105 7077 6084 6168 3637 2
405 14140 6090 5852 5842 5872 2
406 14175 5832 5652 4049 6020 1
407 14208 7077 4411 4471 5872 2
408 14238 4399 4029 5812 5862 2
409 14278 5852 5660 3629 4259 1
410 14310 6747 6084 4525 4039 2
411 14346 6068 5812 5812 5862 2
412 14384 5842 3645 5872 6022 1
413 14416 6747 4351 6166 3637 2
414 14455 4379 4009 3999 3629 2
415 14491 5812 4059 5660 4329 1
416 14522 7077 4379 4529 4049 2
417 14560 4359 5822 4009 3637 2
418 14599 4019 3637 3645 4293 1
419 14631 6747 6072 4459 4049 2
420 14670 6086 4009 5842 5652 2
421 14709 5852 5862 5660 6042 1
422 14739 6747 6098 4493 3645 2
423 14778 4411 5852 5812 5872 2
424 14816 5842 4049 5862 4309 1
425 14847 7077 4381 4447 5652 2
426 14885 4431 3989 5842 5872 2
427 14923 4009 4049 5862 4313 1
428 14956 7077 6084 6146 4049 2
429 14996 4361 5852 4019 3645 2
430 15035 5842 3637 3645 4311 1
431 15066 6747 6060 6142 5660 2
432 15100 6070 3989 5832 3645 2
433 15135 4029 5652 5872 4325 1
434 15169 6747 4359 4459 4059 2
435 15204 4375 5812 4029 5660 2
436 15241 5822 5660 5660 6020 1
437 15276 7077 4403 4519 3645 2
438 15314 4385 4029 5852 4049 2
439 15351 5812 4049 5652 4279 1
440 15384 6747 4355 4473 5660 2
441 15416 4421 3989 3999 5660 2
442 15455 3989 5652 3637 4313 1
443 15489 6747 6070 6164 5652 2
444 15524 4359 3999 5842 3645 2
445 15560 5842 3645 3637 4289 1
446 15595 6747 6092 4479 3629 2
447 15627 4431 5852 3989 4059 2
448 15666 4019 4049 3629 6038 1
449 15700 6747 4421 6566 5652 2
450 15730 4423 5812 4019 3637 2
451 15765 4019 5872 4049 6048 1
452 15797 6747 4389 4527 5660 2
453 15833 4437 3999 3999 3645 2
454 15873 3999 3637 3645 4283 1
455 15903 6747 4425 4457 3637 2
456 15936 4383 4029 5832 5652 2
457 15974 5812 5660 4049 4289 1
458 16006 6747 4355 4497 3637 2
459 16040 4411 3989 5852 5862 2
460 16075 5822 4049 5862 4283 1
461 16107 7077 6060 4449 5652 2
462 16140 4375 4009 4029 3645 2
463 16175 5812 4049 3629 6038 1
464 16206 6747 4423 6566 5660 2
465 16245 4379 5832 5812 5862 2
466 16285 5812 3645 3645 4293 1
467 16315 7077 4421 4529 4039 2
468 16350 4437 4029 4019 5862 2
469 16387 5852 5862 5652 6036 1
470 16420 7077 4429 6144 5660 2
471 16460 6060 5832 5852 5660 2
472 16499 4019 3629 4049 6022 1
473 16530 6747 4427 6156 4049 2
474 16566 6096 4019 5812 5660 2
475 16603 5812 3645 5652 4341 1
476 16634 7077 4349 4455 5652 2
477 16670 4409 4029 5812 4059 2
478 16705 5852 5652 3629 6036 1
479 16735 7077 4425 6168 4049 2
480 16770 4397 4019 5822 5660 2
481 16806 5832 5872 5660 4331 1
482 16838 7077 4383 4485 5872 2
483 16871 4355 5832 5852 5872 2
484 16911 3989 3629 5862 6016 1
485 16945 6747 6068 4479 5862 2
486 16980 6086 4029 4019 3629 2
487 17018 5852 5862 5660 6040 1
488 17051 6747 6090 4519 3637 2
489 17091 4363 5822 3999 3629 2
490 17131 4009 4049 3629 6038 1
491 17164 6747 4437 4447 3645 2
492 17195 4429 3999 5842 4049 2
493 17231 5842 3637 5660 4253 1
494 17261 7077 6096 4495 3629 2
495 17292 4435 4009 4029 5660 2
496 17330 4009 4059 3629 4339 1
497 17363 7077 6086 4501 5862 2
498 17395 4399 4029 5832 4059 2
499 17434 4019 5872 5660 4263 1
500 17468 7077 4397 4457 4059 2
501 17503 4355 5822 5842 3637 2
502 17542 4009 5862 3645 4301 1
503 17577 7077 6068 6156 5652 2
504 17616 6074 3999 5842 5872 2
505 17656 4029 4049 4049 6020 1
506 17688 7077 4397 6564 5660 2
507 17720 6062 5812 4009 5660 2
508 17760 4029 4039 4039 4259 1
509 17791 6747 6098 6160 5862 2
510 17830 6070 4019 5812 5872 2
511 17865 5812 4059 5660 6024 1
512 17899 6747 6066 4481 3637 2
513 17934 4357 5852 4029 4059 2
514 17973 5812 4039 4049 4281 1
515 18008 7077 6060 4503 4059 2
516 18042 4363 5822 5812 5872 2
517 18078 4019 5660 5862 4253 1
518 18108 7077 4423 4485 5652 2
519 18143 6098 3989 5822 4049 2
520 18178 5822 5660 4039 4313 1
521 18211 6747 6086 6168 3629 2
522 18242 4427 3999 3999 4039 2
523 18282 4019 3645 4039 4263 1
524 18317 7077 6060 6136 5660 2
525 18352 6074 5842 5832 5660 2
526 18390 4009 3645 3645 4327 1
527 18424 6747 6096 6156 5652 2
528 18458 6094 5842 4029 3637 2
529 18498 5812 3637 5862 4255 1
530 18531 7077 4375 4493 5660 2
531 18569 4389 4009 5852 5660 2
532 18608 4029 5862 5862 4341 1
533 18638 6747 4357 6170 5862 2
534 18669 4407 5852 4019 5652 2
535 18706 3999 3629 4059 4309 1
536 18737 6747 6070 4527 5872 2
537 18777 4355 4019 4029 4049 2
538 18815 5842 4059 4049 6044 1
539 18845 7077 4401 4519 3629 2
540 18882 4423 3989 5822 4059 2
541 18918 4019 3645 3629 4327 1
542 18949 6747 4431 6164 3629 2
543 18984 4363 5812 4029 3629 2
544 19023 4009 3629 5862 4305 1
545 19053 7077 4423 4507 3645 2
546 19091 4363 5842 3999 5872 2
547 19127 3989 5862 4049 4309 1
548 19161 6747 4429 4451 3629 2
549 19194 4409 4029 5842 3637 2
550 19231 3999 4039 3645 4335 1
551 19261 7077 6098 4523 3629 2
552 19292 4357 5822 4029 3645 2
553 19330 4009 4059 3637 6022 1
554 19361 6747 6084 4485 4039 2
555 19393 4373 3999 5842 5660 2
556 19428 4029 4049 5660 4325 1
557 19461 6747 6096 4501 5862 2
558 19498 4387 5832 4009 5872 2
559 19533 5822 5652 5652 6024 1
560 19566 7077 4399 6564 5660 2
561 19605 4427 4029 3999 4049 2
562 19641 4019 5652 4049 4281 1
563 19672 6747 6060 4503 3629 2
564 19704 4349 5852 4019 3629 2
565 19740 5812 3629 5862 4259 1
566 19770 6747 4353 4453 3645 2
567 19804 4425 4029 5842 5660 2
568 19839 4009 5872 3645 4325 1
569 19870 7077 4387 4447 5660 2
570 19910 6060 5812 5852 4059 2
571 19947 3999 3629 3645 6020 1
572 19979 7077 4385 6166 5660 2
573 20013 4427 5822 5812 4049 2
574 20050 5832 5660 4039 6026 1
575 20082 6747 4427 4473 4039 2
576 20112 4411 4009 5852 5652 2
577 20151 5812 3637 5652 4253 1
578 20184 6747 4431 6164 5660 2
579 20218 6064 5842 4029 3645 2
580 20256 5822 4059 5872 4327 1
581 20290 6747 6094 4483 3637 2
582 20322 4409 4019 4019 4049 2
583 20360 5832 4059 5652 6046 1
584 20390 7077 6068 6142 4049 2
585 20426 6070 3999 4009 5652 2
586 20461 3999 3637 3645 4315 1
587 20492 6747 4355 6136 3637 2
588 20531 4431 5852 4019 3645 2
589 20570 4009 5862 4039 4279 1
590 20605 7077 6072 4483 5862 2
591 20637 4353 4009 5842 4039 2
592 20674 5852 5652 4039 6048 1
593 20704 7077 6068 4503 5872 2
594 20741 6068 5832 5842 3645 2
595 20776 4029 3629 5872 4291 1
596 20806 7077 4351 6136 4039 2
597 20840 4409 5832 4029 5862 2
598 20875 5842 5862 4039 4259 1
599 20905 6747 4423 4473 5872 2
600 20945 4379 4029 4009 5660 2
601 20980 4029 3629 3637 4279 1
602 21010 6747 6098 4485 4039 2
603 21043 6092 5822 5812 3629 2
604 21082 3989 4049 5652 4285 1
605 21116 6747 4375 6144 5652 2
606 21151 6088 5822 5832 5660 2
607 21186 4019 4049 4049 4301 1
608 21216 6747 6096 4451 5652 2
609 21256 6074 4019 4009 4059 2
610 21295 4009 4059 5872 6038 1
611 21329 7077 6066 4471 5862 2
612 21361 6070 3999 4019 4059 2
613 21400 4009 5872 3637 4313 1
614 21435 7077 4381 6566 3629 2
615 21469 4429 5822 5852 4039 2
616 21506 4029 5660 3637 4279 1
617 21541 7077 4387 4497 3645 2
618 21577 6098 4019 5812 4059 2
619 21615 5832 3637 4059 6016 1
620 21650 6747 4411 6142 4059 2
621 21689 4359 4029 5812 4049 2
622 21727 5822 4059 5862 6020 1
623 21761 7077 6096 4471 4059 2
624 21798 6084 3989 5842 4039 2
625 21836 5852 5652 4049 4315 1
626 21869 7077 4349 4453 4039 2
627 21899 4403 4029 5822 3637 2
628 21937 5812 5652 4039 4313 1
629 21969 7077 4361 4455 4049 2
630 22005 6066 3999 5812 5872 2
631 22042 4029 3637 3637 4263 1
632 22077 6747 4377 6156 5660 2
633 22107 4437 5822 5842 3637 2
634 22147 5822 5872 3637 4277 1
635 22180 6747 6072 6142 4059 2
636 22216 4379 3989 4019 5660 2
637 22254 4019 5660 5872 6038 1
638 22287 6747 4411 4471 4059 2
639 22322 4401 5822 3999 3645 2
640 22357 3999 5872 5660 4277 1
641 22390 6747 6070 6566 4049 2
642 22421 4437 5832 5842 3645 2
643 22459 5842 4059 4039 6050 1
644 22492 7077 4421 4459 5862 2
645 22523 4401 4019 4029 3629 2
646 22558 5852 4049 4039 4325 1
647 22591 6747 4429 4507 3637 2
648 22631 4423 4019 4009 4039 2
649 22666 5822 5660 5652 6014 1
650 22699 6747 4409 4493 3645 2
651 22732 4349 3989 5812 4059 2
652 22771 3989 5872 5872 4253 1
653 22803 7077 4383 4479 5652 2
654 22834 4381 3999 4019 3645 2
655 22872 5812 3629 5872 4261 1
656 22905 7077 4383 4453 3645 2
657 22944 4353 5842 4029 5652 2
658 22983 4009 3645 5652 6050 1
659 23014 7077 4375 4457 3645 2
660 23049 4423 4009 3989 5660 2
661 23088 5852 5660 5872 4325 1
662 23123 7077 4379 6564 3637 2
663 23159 4373 5842 4009 4049 2
664 23197 5842 5652 5660 4337 1
665 23232 7077 6094 4525 3629 2
666 23265 4437 5822 3989 5660 2
667 23303 4019 4039 4039 6044 1
668 23333 6747 6066 6564 4049 2
669 23370 4421 5852 5832 5652 2
670 23409 4019 3629 3629 6024 1
671 23444 6747 4357 6160 3645 2
672 23481 4409 5822 3999 4049 2
673 23520 5832 3645 5652 4325 1
674 23554 7077 4349 4479 3629 2
675 23591 4407 5832 5812 5660 2
676 23631 5832 5660 5652 4301 1
677 23664 6747 4375 4505 5660 2
678 23704 4411 4019 5822 4039 2
679 23743 4019 5862 3645 4301 1
680 23775 6747 6074 4501 4039 2
681 23815 4375 5822 4019 4059 2
682 23853 5812 4039 5862 4303 1
683 23885 6747 6064 4447 5652 2
684 23917 6066 4029 3989 3645 2
685 23955 5852 4049 5872 4255 1
686 23987 7077 6090 6132 5862 2
687 24024 4377 3999 4029 4039 2
688 24064 4029 4039 4049 6012 1
689 24095 6747 4375 4493 4059 2
690 24135 4427 3999 4019 4059 2
691 24170 5852 5872 5872 6024 1
692 24205 6747 4431 4473 5862 2
693 24245 4403 5852 3999 5862 2
694 24280 5812 5862 5652 6016 1
695 24310 6747 4435 6140 3637 2
696 24344 6060 3989 3999 4049 2
697 24384 5832 4039 3637 4333 1
698 24419 7077 4397 4479 3637 2
699 24459 6094 5842 5852 5660 2
700 24495 4009 4049 4049 4293 1
701 24530 6747 4357 4529 4039 2
702 24569 6088 5832 4029 3629 2
703 24605 5852 3629 5862 4311 1
704 24637 7077 4431 4455 5660 2
705 24667 4411 5832 5812 5660 2
706 24705 5812 3629 3629 4341 1
707 24739 7077 4355 4529 4039 2
708 24779 6084 4029 4029 3637 2
709 24817 5822 3637 4039 6048 1
710 24848 7077 4435 4485 5652 2
711 24878 4399 4029 5852 4049 2
712 24917 3999 5660 4039 4281 1
713 24950 6747 6096 6138 3637 2
714 24986 4381 5852 5822 5652 2
715 25025 5812 3629 5652 6024 1
716 25060 6747 4403 4519 3637 2
717 25096 4377 5832 4019 5872 2
718 25134 5842 4059 5862 4331 1
719 25164 6747 4375 4445 3645 2
720 25198 6066 5812 5812 4049 2
721 25236 4009 3629 4049 4257 1
722 25271 7077 6068 4449 4039 2
723 25305 6086 3989 5852 3645 2
724 25340 4009 5872 5862 6024 1
725 25375 7077 6084 6166 3637 2
726 25405 4353 5842 5832 3629 2
727 25444 4019 5862 3629 4255 1
728 25477 6747 6062 4453 5660 2
729 25512 4403 5842 5852 5872 2
730 25551 3989 5872 5872 4325 1
731 25582 7077 6088 4499 4049 2
732 25615 4431 5812 4029 5862 2
733 25650 5822 4059 4039 4267 1
734 25680 6747 4355 4473 4059 2
735 25713 4375 5842 4019 5660 2
736 25749 5822 5872 5872 4303 1
737 25781 6747 4375 6158 3645 2
738 25811 4363 5832 5812 3645 2
739 25846 4029 4039 4049 4283 1
740 25878 6747 6070 4485 4059 2
741 25908 4433 4009 5842 3629 2
742 25945 5852 4059 4039 6050 1
743 25975 6747 6092 4477 3645 2
744 26005 4377 5822 3989 5872 2
745 26040 4009 4059 3637 6026 1
746 26075 6747 4435 6134 4059 2
747 26107 4401 5832 5822 5862 2
748 26146 4009 5660 3629 6022 1
749 26178 6747 6068 4473 5872 2
750 26210 6090 3999 5842 4059 2
751 26250 5822 3637 4039 4325 1
752 26280 6747 4385 4483 5660 2
753 26317 4355 5822 5832 5660 2
754 26352 5842 5862 3637 4311 1
755 26384 6747 4349 6146 5862 2
756 26417 4407 5852 5842 5872 2
757 26456 4029 3645 3637 4339 1
758 26487 7077 6070 4483 3637 2
759 26526 4363 3989 5852 5862 2
760 26561 3999 4039 3645 6038 1
761 26594 7077 6086 6144 4039 2
762 26624 6068 3989 5852 4039 2
763 26661 5842 4059 5660 6018 1
764 26691 6747 4357 6158 3637 2
765 26723 4357 3989 4029 5862 2
766 26760 5842 4039 5862 4301 1
767 26792 6747 4387 4449 5862 2
768 26830 6086 5842 5812 4049 2
769 26866 5812 4039 5862 6014 1
770 26901 7077 6072 6142 5660 2
771 26939 6060 5812 3999 4049 2
772 26976 5842 3637 4039 6012 1
773 27006 7077 4407 6136 3645 2
774 27045 4381 5852 4029 5652 2
775 27083 4019 4039 5862 4287 1
776 27114 7077 6064 6564 4049 2
777 27153 4373 4009 5852 5652 2
778 27193 3999 5862 4049 6046 1
779 27226 6747 6074 6160 4039 2
780 27259 4351 4019 5812 5862 2
781 27295 5822 4039 3637 4277 1
782 27325 7077 4397 4451 4059 2
783 27356 4401 3999 5822 4049 2
784 27391 4029 5652 3629 4337 1
785 27423 7077 4431 4453 4059 2
786 27454 6086 3989 5812 5862 2
787 27494 5842 5862 3637 4263 1
788 27527 7077 6072 4507 5862 2
789 27567 6096 5832 3999 3637 2
790 27605 5852 4049 3629 6044 1
791 27640 6747 6086 4503 5660 2
792 27678 4435 3989 3989 4049 2
793 27716 5842 5652 5652 4293 1
794 27748 7077 6088 6564 4039 2
795 27782 4431 5822 5822 3637 2
796 27817 5842 5660 5652 4281 1
797 27851 6747 4429 6166 4039 2
798 27887 6066 5852 5822 3629 2
799 27925 4019 3637 5872 6048 1
800 27955 7077 6088 4483 5660 2
801 27992 4355 5852 5832 5862 2
802 28029 5832 4049 4039 6024 1
803 28060 6747 4379 4469 3637 2
804 28097 4411 5832 3989 4039 2
805 28137 5842 4039 4049 4265 1
806 28169 6747 4405 6134 4039 2
807 28201 4411 3999 3999 4059 2
808 28240 5852 4059 4039 4339 1
809 28270 7077 6072 4459 3645 2
810 28307 4379 4009 5852 4049 2
811 28345 5812 5652 3637 4263 1
812 28377 7077 4381 4445 3645 2
813 28412 6096 3999 3989 3637 2
814 28447 5822 5862 3629 4341 1
815 28482 7077 6094 4493 4049 2
816 28513 6084 3999 5822 5660 2
817 28552 5842 3637 5862 6048 1
818 28586 6747 4375 4451 3629 2
819 28617 6074 3989 4019 4059 2
820 28653 4029 5660 3645 4337 1
821 28684 7077 6060 4475 5862 2
822 28719 4421 4029 3989 3645 2
823 28759 3999 3637 3629 4267 1
824 28793 6747 4405 4495 3629 2
825 28832 4411 3989 5822 3629 2
826 28871 5852 5862 4059 6016 1
827 28906 7077 6094 6136 3645 2
828 28944 4423 5822 5842 4059 2
829 28983 5832 4039 5660 6014 1
830 29013 7077 4349 4449 5862 2
831 29044 4375 3989 3999 4039 2
832 29082 4019 3645 5862 4305 1
833 29112 6747 6090 6142 3637 2
834 29148 4359 5852 5832 4059 2
835 29185 4019 3637 5652 4301 1
836 29216 7077 4385 4493 3629 2
837 29252 6098 4029 5832 5660 2
838 29292 4029 3637 3629 4303 1
839 29324 6747 4433 6162 5652 2
840 29362 4359 5822 5852 3645 2
841 29401 5832 4059 5652 4289 1
842 29433 7077 4435 4523 3645 2
843 29472 6072 5842 3999 3637 2
844 29512 4019 4049 5652 4279 1
845 29543 7077 4401 4527 4039 2
846 29575 4401 3989 4029 4049 2
847 29611 4009 3645 5652 4309 1
848 29641 6747 4363 6140 5660 2
849 29671 4431 3989 5852 5872 2
850 29706 5822 5872 3637 6036 1
851 29739 6747 4387 4475 3629 2
852 29770 6098 5822 5842 3629 2
853 29806 4029 5660 5872 6050 1
854 29838 6747 4351 6164 3645 2
855 29877 4405 4019 5852 5660 2
856 29913 4019 5862 4039 6038 1
857 29943 7077 4407 6140 5660 2
858 29981 6074 5832 5822 5652 2
859 30017 3989 4039 4039 6026 1
860 30052 7077 4353 6142 5660 2
861 30091 4355 4029 5842 4049 2
862 30127 4009 5652 5660 6050 1
863 30159 7077 6086 4519 3645 2
864 30199 4357 5852 4009 5862 2
865 30237 3999 3637 5652 4341 1
866 30269 6747 6092 4525 3637 2
867 30308 6088 5832 4009 4059 2
868 30346 4009 5862 5652 6020 1
869 30381 7077 4397 4523 5872 2
870 30420 6086 3989 4029 4059 2
871 30460 5832 5660 3637 6050 1
872 30490 6747 6090 6170 4049 2
873 30526 4409 5852 4009 4059 2
874 30566 3999 5652 3645 4263 1
875 30601 6747 4357 4481 4039 2
876 30638 6084 5812 4029 3645 2
877 30675 3989 4059 4049 6042 1
878 30706 6747 6094 6164 5652 2
879 30737 4359 5832 3989 4039 2
880 30775 4029 3645 5652 6022 1
881 30806 7077 6072 4479 3637 2
882 30837 4397 5822 5852 4059 2
883 30872 4029 5660 3629 4311 1
884 30907 6747 4383 6164 4039 2
885 30939 4385 5812 5832 3637 2
886 30979 4029 4049 5652 4331 1
887 31014 6747 6096 4451 3645 2
888 31050 4387 3989 5832 3629 2
889 31088 3989 4059 5660 6018 1
890 31120 7077 4389 4525 5652 2
891 31150 6092 4029 4019 3645 2
892 31187 5812 3629 4039 4327 1
893 31220 7077 4425 6162 5872 2
894 31259 4437 4019 3999 4039 2
895 31295 4009 3629 3645 4279 1
896 31330 6747 4421 4495 4059 2
897 31360 6084 5852 3989 5652 2
898 31398 5822 3637 4039 6040 1
899 31429 7077 4353 6138 4039 2
900 31463 4401 4019 5812 3629 2
