1 47 3999 6747 4479 4333 1
2 90 7077 5976 4261 5660 2
3 133 4335 4431 4485 4019 2
4 174 5842 7077 4309 4307 1
5 221 6747 4197 4263 3645 2
6 269 6022 6060 4525 5812 2
7 311 4029 6747 4459 6042 1
8 359 6747 4401 4447 5862 2
9 402 6014 6070 4529 5852 2
10 446 5832 6747 6564 6036 1
11 483 6747 5976 6044 5872 2
12 526 6038 6086 6156 4009 2
13 571 5842 6747 6134 6024 1
14 611 6747 4245 6046 4009 2
15 652 4305 4361 6134 4029 2
16 701 5822 7077 4473 6050 1
17 754 6747 5972 4477 3999 2
18 795 4267 4421 4455 5852 2
19 843 5832 7077 4231 4253 1
20 885 7077 6066 4445 3989 2
21 930 4335 6066 6162 3989 2
22 972 4029 7077 4517 6048 1
23 1020 7077 4197 6038 3999 2
24 1069 4277 4407 4473 5832 2
25 1114 5822 6747 6140 6012 1
26 1164 6747 4213 4527 5852 2
27 1208 4265 6096 4445 4029 2
28 1248 5822 6747 6168 6048 1
29 1302 7077 4427 4261 4029 2
30 1344 4303 4351 6160 5852 2
31 1390 5812 7077 5974 4315 1
32 1437 7077 5964 4315 3629 2
33 1483 4311 6090 6166 5832 2
34 1533 3989 7077 4525 4267 1
35 1587 6747 4387 4525 5812 2
36 1631 4341 4397 4479 5812 2
37 1673 3999 7077 4215 6018 1
38 1715 7077 4407 4283 4009 2
39 1761 4255 6068 4503 4009 2
40 1811 5842 7077 4329 6050 1
41 1859 6747 5950 6018 5862 2
42 1903 6048 6096 6564 5842 2
43 1946 5822 6747 4339 4265 1
44 1981 7077 6066 4289 3629 2
45 2027 4311 4397 4447 5822 2
46 2077 5822 7077 4445 4257 1
47 2128 6747 4171 6046 4029 2
48 2174 4253 4423 6132 5842 2
49 2224 5832 6747 4479 6024 1
50 2282 7077 4399 4459 3637 2
51 2330 6042 6068 6136 5822 2
52 2379 4009 7077 5974 4313 1
53 2417 6747 5966 6138 3629 2
54 2462 4281 6086 4469 3999 2
55 2508 4009 7077 4301 4331 1
56 2542 6747 6090 6136 3629 2
57 2584 4301 4373 4455 5852 2
58 2634 5832 7077 5968 4287 1
59 2685 7077 5978 4501 4039 2
60 2735 4313 4389 6170 3999 2
61 2785 5852 6747 4231 6024 1
62 2835 7077 4351 4261 5660 2
63 2882 6018 6068 4527 5842 2
64 2926 3989 7077 4501 4337 1
65 2963 6747 5978 6162 5852 2
66 3012 6048 4425 6160 5852 2
67 3052 5822 6747 4471 6036 1
68 3087 7077 4427 4449 4029 2
69 3129 6020 4361 4503 4019 2
70 3179 4029 6747 5974 4341 1
71 3237 6747 4373 4483 3629 2
72 3281 4287 4389 6158 4029 2
73 3324 4019 6747 6158 4285 1
74 3373 6747 6090 4303 5872 2
75 3420 6012 4421 4525 5842 2
76 3469 3999 7077 4517 4337 1
77 3506 6747 4239 4303 3645 2
78 3554 4283 4437 4455 5842 2
79 3599 5852 7077 4455 4303 1
80 3648 6747 4353 6040 5872 2
81 3689 4285 4349 6164 5842 2
82 3739 5822 7077 4337 4281 1
83 3791 7077 5944 6132 5812 2
84 3840 4277 4355 4445 5852 2
85 3881 5852 7077 4335 4287 1
86 3939 6747 4215 4523 5852 2
87 3987 6038 4409 6170 4009 2
88 4037 5812 7077 4305 4291 1
89 4072 7077 4167 6044 4029 2
90 4120 4305 4435 4451 3989 2
91 4160 5822 6747 4471 4255 1
92 4198 6747 4229 6014 5812 2
93 4244 4337 6086 6564 5832 2
94 4286 5852 6747 4307 6038 1
95 4332 6747 6060 6020 5852 2
96 4372 4333 4383 4457 5842 2
97 4413 3989 6747 4501 4263 1
98 4470 6747 4243 4281 5660 2
99 4510 4325 4353 4499 3989 2
100 4557 3999 6747 6136 4329 1
101 4606 6747 4377 6156 4009 2
102 4648 4287 6070 4459 4019 2
103 4698 3989 6747 4211 4301 1
104 4756 6747 4435 4481 5822 2
105 4806 4335 4399 4449 4029 2
106 4852 5842 7077 4499 4287 1
107 4911 7077 4401 4457 5652 2
108 4958 6018 4379 6146 5812 2
109 4999 3999 7077 6142 6026 1
110 5057 7077 4385 6142 5832 2
111 5101 4285 6096 4517 5842 2
112 5143 5812 7077 6158 4327 1
113 5175 7077 4361 4267 4019 2
114 5217 4335 4435 4529 4009 2
115 5262 5852 7077 4341 6050 1
116 5302 6747 4161 4307 4049 2
117 5347 6042 4351 4519 4029 2
118 5396 5842 7077 4445 4285 1
119 5432 6747 4435 6170 5872 2
120 5482 4329 4423 6168 4009 2
121 5530 5832 6747 4231 6046 1
122 5586 6747 5950 6164 4029 2
123 5630 6014 4399 4517 4009 2
124 5677 4029 6747 4475 4267 1
125 5733 6747 4237 4519 5832 2
126 5773 4281 6096 6156 4029 2
127 5819 5852 7077 6048 4267 1
128 5868 6747 4181 4265 4049 2
129 5914 6042 4435 4479 4009 2
130 5956 5842 6747 4453 4309 1
131 6014 6747 4197 4457 4059 2
132 6062 6042 6066 4505 3989 2
133 6112 5812 6747 4219 6046 1
134 6164 6747 6092 6044 4039 2
135 6214 4325 4397 4455 4009 2
136 6264 5842 7077 6048 6024 1
137 6311 7077 4407 6050 3629 2
138 6353 6026 4433 4479 4029 2
139 6396 3999 6747 4501 4285 1
140 6448 7077 4407 4447 5842 2
141 6490 6040 4355 6144 3999 2
142 6537 5852 6747 6038 6022 1
143 6567 6747 4209 6050 5842 2
144 6614 6040 4405 4481 5832 2
145 6663 5832 7077 5978 4333 1
146 6715 6747 4211 4525 5832 2
147 6765 4307 4421 4451 5852 2
148 6805 5832 6747 6162 4289 1
149 6864 7077 4383 4335 3999 2
150 6906 4331 6066 6168 5852 2
151 6948 3999 6747 6566 4337 1
152 6996 7077 4407 4293 5862 2
153 7040 4311 6090 6566 4019 2
154 7088 5852 7077 4305 4259 1
155 7128 7077 4355 6156 5812 2
156 7168 4331 4363 4447 5832 2
157 7215 4029 6747 4313 4315 1
158 7246 7077 4383 4477 5842 2
159 7288 6040 4403 4473 5842 2
160 7332 4009 6747 6156 4335 1
161 7362 7077 4237 6136 3989 2
162 7408 6012 4435 4519 5812 2
163 7450 4019 7077 4523 4285 1
164 7489 7077 4403 6046 5852 2
165 7533 4331 4401 4527 4009 2
166 7575 5822 6747 6164 4289 1
167 7623 7077 4425 6160 3999 2
168 7673 4309 4375 6566 3999 2
169 7713 4029 6747 4205 4329 1
170 7755 7077 4361 4459 4009 2
171 7795 6016 4377 6170 3989 2
172 7840 4029 6747 4327 4335 1
173 7892 7077 4171 4459 3629 2
174 7941 4341 4431 4503 5832 2
175 7984 3989 7077 6140 4289 1
176 8042 6747 6062 6144 4009 2
177 8088 4309 4429 4503 5842 2
178 8128 4019 6747 4215 6022 1
179 8171 6747 4383 4289 4049 2
180 8221 4287 4425 6132 3999 2
181 8267 4029 6747 6170 4341 1
182 8317 7077 6066 4259 3999 2
183 8365 4331 4407 4493 5832 2
184 8411 4029 6747 4237 4313 1
185 8470 6747 4205 4453 3637 2
186 8512 6022 6074 4451 4009 2
187 8558 5812 6747 4337 4267 1
188 8604 6747 4217 6016 4059 2
189 8650 4335 6084 6138 4029 2
190 8692 4009 6747 4451 6014 1
191 8742 7077 4421 4265 5872 2
192 8792 4287 4351 6132 4019 2
193 8833 5812 7077 6046 6024 1
194 8878 7077 5970 4517 4049 2
195 8928 6048 4421 6134 5842 2
196 8975 3999 6747 4311 4265 1
197 9030 6747 4379 4507 5660 2
198 9078 4283 4357 4459 5832 2
199 9127 5842 6747 4239 4261 1
200 9176 7077 5970 4327 4019 2
201 9216 6044 6062 6134 5842 2
202 9266 4029 6747 4485 6044 1
203 9320 6747 4165 6140 3637 2
204 9360 4287 4399 6142 5822 2
205 9407 3999 7077 4235 4277 1
206 9444 7077 4375 6020 5852 2
207 9492 6020 4389 4449 5852 2
208 9534 5842 6747 4337 4253 1
209 9575 7077 4171 4289 5872 2
210 9621 4283 6094 4475 4019 2
211 9665 4009 6747 4311 6012 1
212 9715 6747 4213 4279 5862 2
213 9763 4301 4389 4449 5812 2
214 9808 4029 7077 4333 4285 1
215 9841 6747 4217 6136 5852 2
216 9888 4283 4389 6156 4009 2
217 9928 5832 6747 4519 4253 1
218 9988 7077 4363 4283 5862 2
219 10033 4337 6088 4479 5852 2
220 10075 5832 6747 4505 6040 1
221 10105 6747 5974 4331 3989 2
222 10153 4329 6092 4503 3989 2
223 10199 4029 7077 4485 4333 1
224 10257 7077 4163 4333 5652 2
225 10303 6014 6096 4457 4029 2
226 10348 4029 6747 6038 6038 1
227 10383 6747 4161 6136 3999 2
228 10425 4303 4359 4525 5852 2
229 10470 5842 6747 4241 6014 1
230 10504 7077 4195 6020 5660 2
231 10549 4339 4379 6162 5842 2
232 10595 5812 6747 4519 4259 1
233 10637 7077 4211 6016 3999 2
234 10682 4337 6098 6144 5842 2
235 10729 5832 7077 6140 6014 1
236 10759 6747 4429 4283 3637 2
237 10801 4335 6094 4449 5852 2
238 10845 4029 7077 4499 4267 1
239 10881 6747 5972 4469 4059 2
240 10926 4293 4431 6566 4009 2
241 10968 5842 6747 6042 4303 1
242 11016 7077 4407 4473 4009 2
243 11061 4287 4403 4455 5812 2
244 11102 5812 7077 4455 6038 1
245 11152 6747 4373 4507 5872 2
246 11192 4327 4359 4475 4009 2
247 11235 5832 7077 4331 4253 1
248 11283 6747 4169 6140 5832 2
249 11333 4261 4351 4519 4009 2
250 11383 5842 6747 6044 4329 1
251 11439 7077 6062 4525 4039 2
252 11479 6018 4353 4453 4019 2
253 11522 3999 7077 4243 4255 1
254 11581 6747 4379 4263 5862 2
255 11625 4331 4437 4481 4019 2
256 11667 3989 6747 6158 6026 1
257 11711 7077 4197 4287 4049 2
258 11753 6042 6098 4483 4019 2
259 11800 4029 6747 4315 6024 1
260 11836 6747 4425 6140 5660 2
261 11881 4267 4433 6134 5852 2
262 11924 5832 6747 4311 4287 1
263 11972 7077 4211 4521 5862 2
264 12020 4325 4435 4517 4019 2
265 12067 4029 7077 4499 4279 1
266 12119 6747 5948 4327 3989 2
267 12167 6022 6086 4449 5852 2
268 12207 4029 7077 6566 4329 1
269 12255 7077 4191 4261 5652 2
270 12295 6014 4383 4501 5852 2
271 12336 5842 6747 4205 4315 1
272 12373 6747 4163 4453 3629 2
273 12414 6046 4359 4483 4009 2
274 12460 5842 7077 4479 6036 1
275 12512 6747 4161 6022 5852 2
276 12554 4341 4379 4453 3999 2
277 12594 5842 6747 4469 6040 1
278 12653 7077 4195 4265 3989 2
279 12693 6018 4435 4447 5812 2
280 12735 5852 7077 6144 4265 1
281 12777 7077 5966 4257 5872 2
282 12821 4341 4389 4485 3999 2
283 12865 5832 7077 6042 4339 1
284 12901 6747 4195 6166 4009 2
285 12949 6036 4405 4525 5812 2
286 12998 5812 6747 5968 4311 1
287 13053 7077 6090 6170 5862 2
288 13099 6024 4355 6158 5842 2
289 13141 5812 7077 4483 6048 1
290 13193 7077 5942 4483 5832 2
291 13237 4315 4427 4527 4019 2
292 13286 4019 6747 4449 4313 1
293 13341 6747 5964 6014 3989 2
294 13383 4301 4349 4471 4019 2
295 13429 4029 7077 4219 4303 1
296 13466 6747 4359 4517 4019 2
297 13515 4265 4349 4495 4019 2
298 13565 3999 6747 6044 4293 1
299 13617 6747 6068 6168 4049 2
300 13661 6022 6062 4481 3989 2
301 13704 5832 6747 4309 6012 1
302 13745 7077 5944 6164 5872 2
303 13793 4283 4379 4529 5832 2
304 13834 5812 7077 4501 4277 1
305 13876 7077 4229 4325 5852 2
306 13923 6024 4359 6146 4009 2
307 13966 5852 6747 4495 4283 1
308 14014 6747 6088 6170 5842 2
309 14059 6012 6068 4453 5842 2
310 14103 3999 6747 4447 4303 1
311 14143 6747 4245 4329 5862 2
312 14193 6024 4383 4503 4009 2
313 14241 5842 7077 6166 4253 1
314 14298 7077 4379 4525 5660 2
315 14347 4265 6066 4471 4009 2
316 14396 5822 7077 4307 4301 1
317 14432 7077 5978 4329 4009 2
318 14474 6038 4357 6142 5822 2
319 14523 5842 7077 4217 4267 1
320 14558 7077 6092 4505 3989 2
321 14600 4307 4353 4485 4009 2
322 14647 5812 7077 6168 4257 1
323 14698 7077 5972 4453 5660 2
324 14743 4255 6068 4505 3989 2
325 14788 3999 7077 4455 6018 1
326 14840 7077 4171 6014 4059 2
327 14888 4281 4405 4523 4019 2
328 14934 3989 7077 4447 4293 1
329 14991 6747 6060 6136 5862 2
330 15037 4315 4401 6136 5812 2
331 15081 5852 7077 6048 6018 1
332 15127 7077 4195 6164 5832 2
333 15174 4301 4387 4507 5822 2
334 15223 4009 6747 6170 4291 1
335 15265 6747 4359 4527 5852 2
336 15310 6018 4389 6168 4029 2
337 15356 4029 7077 4233 6014 1
338 15410 7077 4207 4265 3645 2
339 15459 4341 4431 4527 4009 2
340 15501 5812 6747 4475 6036 1
341 15538 7077 4241 6156 5872 2
342 15583 4341 4401 4517 4019 2
343 15623 4029 6747 4493 4257 1
344 15667 7077 4211 4335 4059 2
345 15710 6024 4409 4529 5832 2
346 15753 4029 6747 4211 4253 1
347 15796 6747 4385 4447 5862 2
348 15840 4261 4435 4523 5832 2
349 15888 4029 7077 6134 6044 1
350 15932 7077 5966 4493 5822 2
351 15976 4253 4381 4457 4029 2
352 16026 5852 7077 6156 4309 1
353 16084 7077 5966 6018 4009 2
354 16128 4329 6074 4505 5812 2
355 16172 5822 7077 6164 4265 1
356 16231 6747 5942 6564 4029 2
357 16276 6036 4399 6564 4009 2
358 16323 4029 7077 6162 6044 1
359 16375 7077 4385 4445 5862 2
360 16423 6026 4389 4529 4009 2
361 16471 3999 6747 6050 6036 1
362 16521 6747 6072 4331 5872 2
363 16565 4311 4409 4481 5842 2
364 16611 5852 6747 6044 4311 1
365 16663 7077 4241 4471 4049 2
366 16704 4267 4375 4501 3999 2
367 16754 4029 7077 6146 4331 1
368 16790 6747 6088 4485 5822 2
369 16836 6014 4385 4505 4019 2
370 16885 4019 7077 4313 4331 1
371 16931 7077 4381 4337 3629 2
372 16980 4315 4433 4501 3989 2
373 17021 5812 6747 5976 4267 1
374 17058 7077 4403 4253 3989 2
375 17105 4283 6086 6134 4019 2
376 17150 5812 7077 4237 6016 1
377 17201 6747 4389 4325 5852 2
378 17249 4327 4355 4505 4009 2
379 17289 4019 7077 4521 6036 1
380 17338 6747 4213 6140 3989 2
381 17382 4325 4377 4519 4019 2
382 17432 4019 7077 4337 4315 1
383 17490 7077 4207 4261 3629 2
384 17533 4311 4409 4445 5822 2
385 17574 3999 7077 4211 6012 1
386 17633 6747 6088 4477 5822 2
387 17676 4315 4405 4485 5842 2
388 17718 4009 6747 4527 4311 1
389 17756 7077 4209 4495 3989 2
390 17797 4259 6064 4473 5812 2
391 17842 5812 7077 4477 4303 1
392 17889 7077 4231 4505 3629 2
393 17932 6042 6074 6162 5842 2
394 17972 4019 7077 5978 4309 1
395 18008 7077 4381 4495 4059 2
396 18057 6040 4401 4447 5812 2
397 18101 4019 6747 4499 4339 1
398 18153 6747 4407 4289 5822 2
399 18199 6044 4385 6140 5852 2
400 18240 4029 7077 4217 6016 1
401 18283 6747 4189 4255 5832 2
402 18333 4277 6086 4517 5822 2
403 18375 5842 7077 5972 4311 1
404 18421 7077 6060 4313 5652 2
405 18468 4283 6062 4495 4029 2
406 18508 4019 6747 4449 4329 1
407 18558 6747 4437 4485 5862 2
408 18604 4263 4359 6138 5822 2
409 18646 5852 6747 4307 4311 1
410 18702 6747 5942 4481 5842 2
411 18752 4253 6062 4495 4009 2
412 18802 5832 7077 4481 6044 1
413 18840 7077 4163 4335 3637 2
414 18884 6036 4355 4483 4019 2
415 18931 3999 6747 4231 4267 1
416 18990 6747 4351 4527 5852 2
417 19035 4327 6074 4493 4029 2
418 19079 5842 7077 6166 4279 1
419 19115 7077 4173 4309 5660 2
420 19159 4307 4379 6136 4019 2
421 19206 5852 7077 5978 4291 1
422 19241 7077 4243 4503 4019 2
423 19290 4305 6092 4483 3999 2
424 19334 3989 6747 5972 4279 1
425 19375 7077 5940 4495 3629 2
426 19422 4279 6096 4481 4009 2
427 19468 5812 6747 6134 6024 1
428 19509 6747 5940 6050 5660 2
429 19550 6022 4409 4481 4029 2
430 19597 3989 7077 6042 6044 1
431 19655 6747 4191 6018 5852 2
432 19698 4263 4373 4499 5832 2
433 19739 5852 7077 4517 4327 1
434 19785 7077 4431 6046 5852 2
435 19834 4285 6062 4469 5822 2
436 19880 4009 7077 4479 4329 1
437 19924 6747 4431 6020 5660 2
438 19967 4325 4355 4483 3989 2
439 20008 3989 6747 6564 6048 1
440 20047 6747 4425 4447 5862 2
441 20092 4325 4381 4445 5832 2
442 20134 3999 6747 4455 4287 1
443 20174 6747 4243 4325 5812 2
444 20219 6016 6060 4527 4029 2
445 20261 5822 7077 6050 6016 1
446 20293 6747 5952 4305 4009 2
447 20333 4337 6092 4469 4019 2
448 20376 4019 7077 5978 6046 1
449 20417 7077 4383 4303 4039 2
450 20467 6042 6084 4459 4009 2
451 20513 5822 6747 6048 6046 1
452 20559 6747 4423 6164 5872 2
453 20607 6044 6098 6162 3989 2
454 20657 5812 6747 4217 6046 1
455 20713 7077 6084 4255 5862 2
456 20757 4285 6066 6564 3989 2
457 20807 3999 7077 6564 4329 1
458 20857 7077 4185 6044 5660 2
459 20903 4331 4435 6142 5852 2
460 20953 4009 6747 4497 6044 1
461 21001 7077 4193 4499 5660 2
462 21049 4309 4387 4469 5812 2
463 21092 3999 7077 6160 4337 1
464 21135 7077 6074 4483 5872 2
465 21178 4285 4405 4499 5822 2
466 21228 4029 6747 4493 4285 1
467 21268 6747 4165 6160 5822 2
468 21309 6012 4387 4459 5832 2
469 21358 5852 6747 4315 6050 1
470 21418 6747 4421 4459 5812 2
471 21458 6022 6086 6160 3989 2
472 21506 3989 7077 5974 6018 1
473 21558 7077 4411 4485 5842 2
474 21607 4307 6064 4475 5822 2
475 21650 3989 7077 4241 6026 1
476 21710 7077 4163 4447 5862 2
477 21755 6048 4397 6136 3989 2
478 21802 3999 6747 4217 4307 1
479 21855 7077 5954 4477 4009 2
480 21900 4287 4373 6566 5832 2
481 21943 5812 6747 6146 6026 1
482 21974 7077 4171 4305 5660 2
483 22015 4331 6062 4457 3989 2
484 22057 3989 6747 4207 4337 1
485 22110 6747 6070 4453 4059 2
486 22152 4305 4431 4517 5842 2
487 22194 4009 7077 4457 4285 1
488 22250 7077 4207 4253 4019 2
489 22298 6024 4351 6566 5812 2
490 22339 4009 7077 6168 6046 1
491 22378 7077 4373 6050 4049 2
492 22428 4331 4407 6138 4019 2
493 22473 5832 6747 4499 4259 1
494 22515 7077 4245 4483 4019 2
495 22559 6014 4433 6158 4019 2
496 22600 5842 6747 4527 4327 1
497 22631 7077 4211 6158 5842 2
498 22677 4325 6070 4501 4019 2
499 22723 5822 7077 4215 4255 1
500 22774 7077 4195 4281 4049 2
501 22815 4263 4381 6160 3989 2
502 22857 4029 7077 6142 4325 1
503 22890 6747 4245 4289 4009 2
504 22933 4335 4429 4449 5842 2
505 22980 5852 6747 4313 6014 1
506 23031 7077 4397 6160 4019 2
507 23077 4281 6090 4481 3999 2
508 23123 5832 6747 4237 6016 1
509 23154 6747 6064 4473 5812 2
510 23202 4279 6066 4479 4019 2
511 23247 3989 7077 4243 4291 1
512 23284 6747 4353 4339 5852 2
513 23331 4307 4357 4517 4009 2
514 23376 4029 6747 6168 4257 1
515 23411 7077 4205 4283 3645 2
516 23457 4281 4399 4451 5832 2
517 23500 5812 7077 4473 4281 1
518 23540 7077 5952 4517 3645 2
519 23590 4267 4373 4529 5822 2
520 23637 4009 7077 4215 4267 1
521 23683 6747 4357 6020 3999 2
522 23727 4313 6090 6170 3999 2
523 23769 5832 6747 4325 4267 1
524 23806 6747 5974 4459 5652 2
525 23850 4281 6068 4483 4019 2
526 23890 3999 6747 6156 6026 1
527 23935 7077 4425 4283 3637 2
528 23981 4283 6094 4505 4009 2
529 24023 5822 6747 4525 6018 1
530 24064 7077 5976 4309 3637 2
531 24114 6012 4381 6156 4009 2
532 24159 5842 6747 4447 6048 1
533 24197 6747 4159 6016 5652 2
534 24247 4261 6064 4519 4009 2
535 24292 5852 6747 6136 4281 1
536 24351 6747 4357 6020 3629 2
537 24401 4307 4363 6132 5812 2
538 24449 4009 6747 4315 4329 1
539 24500 6747 5948 6162 4009 2
540 24542 6036 4399 6166 4019 2
541 24584 5842 7077 6136 6026 1
542 24626 7077 4211 4475 5862 2
543 24670 4315 4381 4497 5852 2
544 24712 5812 7077 4241 4283 1
545 24766 7077 4357 4329 3999 2
546 24806 4335 4353 6140 5832 2
547 24853 5842 6747 4519 4331 1
548 24907 7077 4363 4339 4019 2
549 24949 4305 4389 4527 4019 2
550 24989 3989 6747 6168 6022 1
551 25019 6747 6074 6138 3989 2
552 25066 4307 6090 6166 5812 2
553 25111 3989 6747 5972 4313 1
554 25146 6747 4173 6012 5812 2
555 25196 6026 6098 6164 5822 2
556 25246 4019 6747 5978 4305 1
557 25300 7077 4397 4307 4039 2
558 25342 4281 4435 6138 3999 2
559 25386 5822 7077 4517 4267 1
560 25429 6747 5964 4473 4059 2
561 25471 4331 6074 6146 4019 2
562 25520 4029 6747 6566 4267 1
563 25580 7077 4241 4501 4009 2
564 25620 4287 4389 4481 5852 2
565 25667 5852 6747 4339 4293 1
566 25706 6747 4169 4301 3645 2
567 25749 4331 6066 4469 5842 2
568 25799 3989 7077 4341 4283 1
569 25832 6747 4215 6018 4029 2
570 25878 6036 4379 4501 5842 2
571 25928 5852 7077 4231 6038 1
572 25976 7077 4351 4337 5872 2
573 26022 4259 4373 4485 5842 2
574 26066 3999 6747 4213 4289 1
575 26107 7077 4361 4315 5832 2
576 26154 6016 4389 6132 5812 2
577 26196 5822 7077 6036 4315 1
578 26244 6747 4379 4475 5812 2
579 26288 4339 4399 4475 5822 2
580 26328 5832 7077 6136 4255 1
581 26376 7077 4163 6564 5852 2
582 26416 4335 4381 4523 5842 2
583 26466 4019 6747 4243 4331 1
584 26520 7077 5978 4329 3999 2
585 26568 4253 4377 4523 4019 2
586 26612 5852 6747 4313 6022 1
587 26672 7077 5940 6018 4029 2
588 26713 6050 4433 4459 4019 2
589 26762 4009 6747 4527 6012 1
590 26794 7077 4185 6040 4059 2
591 26836 4279 4403 4525 5852 2
592 26883 5832 6747 4457 4307 1
593 26922 7077 4399 4259 4039 2
594 26963 6012 6074 4529 5822 2
595 27006 3989 7077 4453 4277 1
596 27060 7077 5972 4521 4019 2
597 27102 6024 6068 4475 5842 2
598 27149 5852 6747 6134 4291 1
599 27186 6747 6068 4287 4059 2
600 27233 4289 6098 4493 4029 2
601 27282 4029 6747 4215 4291 1
602 27337 7077 4359 6048 4019 2
603 27378 6020 4421 4459 5822 2
604 27426 5842 6747 6140 6036 1
605 27465 6747 4189 4459 5862 2
606 27513 6044 6084 6162 5842 2
607 27557 5852 6747 4445 4331 1
608 27611 6747 4189 6014 4059 2
609 27658 6026 6094 4471 3989 2
610 27708 3999 7077 4301 4293 1
611 27755 7077 4361 4507 3999 2
612 27801 4279 6074 4445 4019 2
613 27850 4009 6747 4335 6046 1
614 27894 6747 4229 4477 4059 2
615 27940 4327 6068 6140 4029 2
616 27990 5842 7077 6156 4315 1
617 28027 7077 4163 4293 4059 2
618 28074 4279 4383 4517 4029 2
619 28116 5832 6747 4473 4327 1
620 28161 7077 4431 6170 5832 2
621 28211 4285 4397 6162 3989 2
622 28257 4019 6747 4241 6048 1
623 28288 7077 4399 4527 4019 2
624 28330 4261 4359 6170 4019 2
625 28376 5852 7077 4327 4341 1
626 28436 6747 4207 4501 5832 2
627 28483 6050 4361 6564 5852 2
628 28530 4009 7077 4241 6038 1
629 28588 7077 5966 6014 4019 2
630 28636 6026 4437 4517 5842 2
631 28685 5832 7077 4527 4255 1
632 28727 6747 4187 4479 5822 2
633 28776 4257 4431 4499 3999 2
634 28820 3989 6747 4301 4333 1
635 28870 6747 4191 6164 3645 2
636 28918 4327 4355 4495 5842 2
637 28963 3999 6747 6164 4301 1
638 28997 6747 4161 4279 3989 2
639 29046 4283 6062 6564 3989 2
640 29094 5832 7077 4245 6012 1
641 29147 6747 4349 4259 5862 2
642 29195 4253 4355 4471 4009 2
643 29235 5832 7077 4301 4281 1
644 29277 7077 6092 4469 5832 2
645 29322 6020 6062 6136 5832 2
646 29370 5822 6747 4237 4327 1
647 29421 7077 4377 4333 4049 2
648 29468 4325 4437 4459 5832 2
649 29513 3999 6747 6050 4331 1
650 29550 6747 5944 4305 4039 2
651 29598 4277 4411 6132 4029 2
652 29648 5832 6747 4307 4301 1
653 29703 6747 4425 4313 5872 2
654 29753 4263 4427 6138 3999 2
655 29800 3999 7077 4213 4287 1
656 29842 6747 4165 4327 5812 2
657 29889 6040 6074 4471 4029 2
658 29938 5842 6747 4235 6044 1
659 29984 6747 6086 4521 5842 2
660 30032 6022 4357 4477 5852 2
661 30082 5822 6747 4493 4331 1
662 30116 7077 4183 6016 5852 2
663 30157 4263 4355 4517 4019 2
664 30200 3989 7077 5972 4337 1
665 30244 7077 4193 6168 4039 2
666 30290 6012 4425 6138 5822 2
667 30338 4019 6747 6170 4315 1
668 30397 6747 4185 4337 4009 2
669 30437 4279 6084 6166 5812 2
670 30479 5852 6747 4477 4311 1
671 30525 6747 4359 4267 5812 2
672 30567 4291 4407 6168 4009 2
673 30616 4019 7077 4237 4339 1
674 30672 7077 4189 6036 4019 2
675 30717 4325 4407 4453 5822 2
676 30760 4019 7077 4229 4327 1
677 30795 6747 4241 4337 5842 2
678 30841 6046 4373 4525 5842 2
679 30887 4009 7077 4499 4277 1
680 30936 6747 4243 4505 3629 2
681 30985 4287 6064 6142 4019 2
682 31034 4019 7077 4329 6042 1
683 31080 6747 4235 4445 4059 2
684 31121 4305 4433 4503 5842 2
685 31162 5812 6747 6158 6036 1
686 31203 6747 4185 4267 3629 2
687 31244 4337 4397 4453 4029 2
688 31288 5812 7077 6168 4259 1
689 31319 7077 6092 4327 4009 2
690 31362 4313 6068 6136 3989 2
691 31405 5842 7077 6166 4257 1
692 31463 7077 6066 6160 5660 2
693 31510 4309 6062 4497 5852 2
694 31551 5852 7077 5966 4303 1
695 31589 6747 6062 6134 5812 2
696 31637 6022 4359 6160 5842 2
697 31679 3999 7077 4481 4301 1
698 31709 7077 5964 6166 4019 2
699 31753 4301 4427 4521 3989 2
700 31801 5852 6747 4333 6050 1
701 31839 6747 4159 4507 5822 2
702 31880 6012 4363 6158 4029 2
703 31927 3989 7077 4525 6046 1
704 31970 7077 5948 4449 4019 2
705 32018 4261 4379 4473 4009 2
706 32061 5822 7077 6134 4287 1
707 32108 7077 6064 6166 4059 2
708 32156 4327 4353 4473 5852 2
709 32196 4009 7077 6046 6020 1
710 32245 6747 4357 4335 3999 2
711 32285 4301 4409 6564 4019 2
712 32330 4019 7077 4471 6042 1
713 32389 6747 6098 4263 5852 2
714 32429 4279 6090 4477 3999 2
715 32477 3989 7077 6140 4331 1
716 32532 7077 5968 6146 3645 2
717 32581 4255 4349 4495 3999 2
718 32624 5852 6747 6138 6018 1
719 32678 6747 4437 4309 5872 2
720 32721 4313 4385 4453 3989 2
721 32765 4009 7077 6170 4339 1
722 32805 6747 4219 6016 5842 2
723 32854 6016 4361 4481 4019 2
724 32901 5822 7077 4449 4327 1
725 32954 7077 4401 4261 5652 2
726 32996 6042 4353 4453 4029 2
727 33044 4029 7077 6144 4253 1
728 33086 6747 4245 6016 4059 2
729 33131 6042 4423 6166 5842 2
730 33181 4009 7077 4231 4257 1
731 33224 7077 4405 6040 3629 2
732 33270 4341 4373 4517 5852 2
733 33311 5822 7077 4517 6050 1
734 33352 6747 6070 6166 5652 2
735 33402 4281 4375 4481 5812 2
736 33449 4009 6747 4521 6050 1
737 33479 7077 4435 4279 5872 2
738 33527 4267 4423 4521 5842 2
739 33573 5842 7077 6144 6044 1
740 33615 6747 4383 4307 5852 2
741 33656 6046 4349 4517 4029 2
742 33699 5832 6747 4211 4341 1
743 33732 6747 4387 4483 5842 2
744 33781 4303 4397 6166 5852 2
745 33823 3989 7077 4475 6046 1
746 33878 6747 4373 4503 3629 2
747 33921 4329 6090 4473 4029 2
748 33961 5812 6747 5972 4287 1
749 34003 7077 4171 6142 3629 2
750 34049 4311 4387 6566 4009 2
751 34097 5852 6747 6164 6026 1
752 34140 7077 4211 4529 3989 2
753 34186 6046 6066 6134 5832 2
754 34236 3999 7077 5968 4303 1
755 34275 7077 4407 4445 4029 2
756 34321 4329 4355 6564 3999 2
757 34370 4029 6747 6164 6036 1
758 34424 6747 4359 4469 5832 2
759 34473 4307 4423 6160 4009 2
760 34516 4009 7077 4479 4265 1
761 34576 6747 4361 4503 5862 2
762 34626 4303 4353 6158 3989 2
763 34673 5822 7077 4341 6050 1
764 34706 6747 4387 4263 5852 2
765 34747 6020 4379 4469 4009 2
766 34797 3989 7077 4331 4255 1
767 34843 7077 6072 4281 4009 2
768 34891 4331 4377 6160 3999 2
769 34934 3989 7077 6044 6042 1
770 34968 7077 4375 6048 4009 2
771 35011 6038 4423 4481 4009 2
772 35055 5832 7077 4301 4335 1
773 35114 6747 4425 4339 4029 2
774 35164 4263 4405 4457 3999 2
775 35212 4029 6747 6044 6048 1
776 35270 6747 4189 6144 5822 2
777 35319 4309 4437 6136 5812 2
778 35367 5852 7077 6040 6040 1
779 35407 7077 4189 4259 4019 2
780 35453 6040 6072 6132 5842 2
781 35497 5852 6747 4519 4333 1
782 35530 7077 4241 6144 5842 2
783 35571 4305 4377 4499 5832 2
784 35616 5852 6747 4213 4253 1
785 35670 7077 4185 4283 3999 2
786 35719 4285 4361 6142 5852 2
787 35768 5822 7077 4529 4341 1
788 35810 7077 4241 4457 5842 2
789 35857 6016 4359 6156 4029 2
790 35905 3999 6747 4485 4307 1
791 35964 6747 4237 4331 5660 2
792 36007 4307 4361 4495 5822 2
793 36054 3999 6747 6134 4303 1
794 36100 6747 4171 4289 3629 2
795 36149 6042 4429 4445 3999 2
796 36194 5852 7077 4471 4313 1
797 36233 7077 4171 6156 5660 2
798 36274 4315 4403 6156 5842 2
799 36315 5822 7077 4245 4313 1
800 36357 6747 6098 6564 5660 2
801 36402 4305 4429 4525 3999 2
802 36442 4019 7077 4479 6040 1
803 36493 7077 6068 4483 4049 2
804 36537 6044 4435 4499 4009 2
805 36582 5852 7077 4331 4337 1
806 36621 6747 4169 4291 5812 2
807 36668 4289 4373 6566 5852 2
808 36716 4009 6747 5970 4253 1
809 36756 6747 4397 4455 5652 2
810 36803 4293 4351 6162 3999 2
811 36851 3999 7077 4521 4253 1
812 36903 7077 4437 6040 4019 2
813 36946 4277 4383 4445 5842 2
814 36988 4019 6747 6164 6026 1
815 37047 6747 5940 4335 4039 2
816 37096 4337 4401 6142 5812 2
817 37143 4019 6747 5966 4303 1
818 37190 6747 4387 6144 5832 2
819 37239 4263 6070 6164 5852 2
820 37281 4009 7077 4453 4329 1
821 37328 6747 5948 6042 5822 2
822 37368 4265 6086 6160 5852 2
823 37410 5812 6747 4523 6040 1
824 37468 6747 4411 4263 5660 2
825 37511 6018 4381 6166 4019 2
826 37559 4029 7077 5976 4281 1
827 37605 7077 5950 4255 5832 2
828 37653 4289 4403 4493 3999 2
829 37695 5832 7077 6166 6026 1
830 37731 6747 4233 6050 5812 2
831 37773 4255 4401 4517 4029 2
832 37823 4019 7077 4519 4333 1
833 37863 6747 4363 4267 5822 2
834 37906 4265 4401 6142 4009 2
835 37948 3999 7077 4447 4303 1
836 37983 6747 4387 4339 3629 2
837 38031 6050 6090 4447 5852 2
838 38071 3989 7077 4469 6024 1
839 38114 6747 6098 6144 5832 2
840 38160 4335 4363 6170 3989 2
841 38205 4019 6747 4455 4287 1
842 38253 7077 4399 4505 5822 2
843 38303 4259 6064 6132 5812 2
844 38344 5842 6747 4229 6014 1
845 38386 7077 4185 4521 5852 2
846 38430 6036 4359 4447 5842 2
847 38480 4009 7077 4341 4293 1
848 38529 7077 4385 6048 3999 2
849 38574 4265 4357 6166 5852 2
850 38616 5842 7077 6048 4259 1
851 38672 6747 4373 6018 5812 2
852 38717 4279 4379 4493 5812 2
853 38760 5832 7077 4239 4285 1
854 38812 7077 4165 4507 4019 2
855 38858 6048 4385 6156 3999 2
856 38902 3989 7077 4499 4283 1
857 38935 7077 4163 6042 3989 2
858 38978 4259 6074 4451 5832 2
859 39024 5832 7077 4483 4293 1
860 39080 6747 4433 6140 5872 2
861 39128 6012 4377 6132 5822 2
862 39171 3989 7077 4459 4255 1
863 39204 6747 4161 6142 5822 2
864 39251 4333 4405 6138 5822 2
865 39300 5852 6747 4447 4327 1
866 39354 6747 4163 6044 5842 2
867 39396 4255 4431 6142 5832 2
868 39444 3999 6747 6140 6046 1
869 39485 7077 6060 4313 4009 2
870 39530 4329 4377 4499 3989 2
871 39570 3989 7077 6036 4337 1
872 39605 6747 4403 6134 4009 2
873 39649 4279 4433 6134 4029 2
874 39698 5832 7077 4479 6050 1
875 39734 7077 4423 4521 5832 2
876 39784 4279 4403 6162 5832 2
877 39830 5822 6747 6046 6016 1
878 39879 7077 4407 4279 4059 2
879 39919 6026 4353 4481 4029 2
880 39968 5842 7077 4303 4261 1
881 40005 7077 6098 4503 5852 2
882 40055 6046 4423 4519 5822 2
883 40102 5842 6747 4483 6022 1
884 40152 7077 6086 6144 5852 2
885 40193 6016 4361 4477 4009 2
886 40243 4029 6747 4333 4303 1
887 40287 7077 4183 4469 4049 2
888 40330 4305 4421 4499 5852 2
889 40378 4009 7077 4457 6050 1
890 40410 6747 4381 4313 5812 2
891 40454 4331 6092 4447 5842 2
892 40497 5812 6747 4507 6048 1
893 40539 7077 5966 4527 5862 2
894 40588 4293 6068 6132 5812 2
895 40628 3999 6747 6162 4253 1
896 40667 7077 4411 4523 5842 2
897 40712 4287 6086 6134 4009 2
898 40757 5822 7077 4501 4303 1
899 40790 7077 4183 4281 4039 2
900 40833 4267 4389 6138 4029 2
