1 41 5842 7077 4209 4305 1
2 89 6747 4351 4289 5842 2
3 130 3999 6747 4211 4331 1
4 168 6747 4207 6050 4009 2
5 227 5832 7077 4337 4315 1
6 267 6747 4195 4505 5652 2
7 300 4019 7077 4493 4313 1
8 340 7077 6086 6140 3989 2
9 373 5812 7077 4215 4281 1
10 415 7077 5954 4527 4009 2
11 459 4019 6747 4335 6046 1
12 500 6747 4167 4525 5660 2
13 540 5822 6747 4485 4311 1
14 588 7077 4349 4307 5812 2
15 629 5822 7077 4479 4301 1
16 667 7077 4387 6022 4049 2
17 714 5822 7077 4325 4309 1
18 770 7077 5952 6044 4059 2
19 820 5812 6747 5978 4331 1
20 874 7077 4433 4493 5852 2
21 929 5812 7077 6132 6026 1
22 965 7077 4437 4301 5832 2
23 999 3999 7077 6564 6036 1
24 1056 6747 6084 4475 5842 2
25 1089 4009 7077 4493 6014 1
26 1122 6747 4213 4479 5812 2
27 1168 4009 6747 6050 6012 1
28 1215 7077 6070 4325 5842 2
29 1267 4029 7077 4453 4289 1
30 1315 6747 4197 4291 4009 2
31 1368 5852 6747 4469 6024 1
32 1408 7077 4361 4261 4049 2
33 1463 3989 7077 6166 4287 1
34 1515 7077 4187 4529 3645 2
35 1549 5832 7077 4337 4253 1
36 1586 6747 4409 4521 3637 2
37 1620 3999 6747 4479 4291 1
38 1678 6747 4245 4285 5660 2
39 1711 4009 7077 4339 4339 1
40 1753 7077 4195 6020 5862 2
41 1800 5812 7077 4341 4291 1
42 1836 6747 4411 4329 3999 2
43 1882 3999 7077 6038 4261 1
44 1912 6747 4211 4313 5862 2
45 1970 4019 6747 4493 4341 1
46 2010 6747 5972 4281 5652 2
47 2045 3989 7077 4479 4341 1
48 2089 6747 4193 4261 5812 2
49 2123 4029 6747 4209 4279 1
50 2171 7077 4231 4527 5832 2
51 2211 3999 6747 4473 4311 1
52 2266 6747 4357 6564 4019 2
53 2326 5842 7077 4529 6036 1
54 2383 7077 4205 4325 4019 2
55 2417 3989 6747 4235 6016 1
56 2451 6747 5970 4267 5852 2
57 2489 5812 7077 4215 6048 1
58 2530 7077 4379 6156 5872 2
59 2588 3989 7077 4499 6046 1
60 2646 7077 4239 4329 4059 2
61 2677 5832 6747 4307 6026 1
62 2714 7077 4239 4277 5832 2
63 2748 5832 6747 4485 4293 1
64 2804 7077 6084 4257 5832 2
65 2856 5832 7077 4205 4329 1
66 2894 6747 4217 6012 4009 2
67 2933 5852 7077 4483 4279 1
68 2978 6747 4359 4505 4029 2
69 3020 5822 7077 4231 4293 1
70 3055 6747 5954 4327 5812 2
71 3103 5842 7077 4507 4279 1
72 3159 6747 4381 4293 5822 2
73 3218 3989 7077 4235 4293 1
74 3267 6747 4351 6158 3637 2
75 3322 3999 7077 4521 4291 1
76 3368 7077 4359 4453 3645 2
77 3423 5832 7077 4325 4301 1
78 3478 7077 5964 4477 5832 2
79 3533 5832 6747 4473 6044 1
80 3566 7077 4433 4523 3645 2
81 3619 4029 6747 6050 6036 1
82 3656 7077 4207 4325 5652 2
83 3687 5812 6747 6166 4303 1
84 3721 7077 5968 4471 4029 2
85 3775 5832 6747 4529 6042 1
86 3814 6747 6070 4331 4009 2
87 3861 4019 6747 4219 6026 1
88 3906 7077 4427 4285 3989 2
89 3955 5812 7077 6564 4285 1
90 3985 6747 4357 6038 5852 2
91 4040 4009 7077 5970 4333 1
92 4096 7077 4385 4261 5872 2
93 4135 5852 6747 6138 4327 1
94 4185 6747 4389 4341 4009 2
95 4240 4009 6747 4449 4329 1
96 4280 7077 4185 4293 5812 2
97 4311 3999 6747 5970 4327 1
98 4348 7077 6060 6026 5822 2
99 4386 4019 6747 4211 4261 1
100 4424 7077 4241 4503 3999 2
101 4473 5832 7077 5972 4261 1
102 4527 6747 5944 6042 4049 2
103 4561 4029 7077 4215 4279 1
104 4596 6747 4405 4287 3629 2
105 4645 5852 7077 6160 4281 1
106 4675 6747 4353 4527 4059 2
107 4720 5842 7077 6048 4281 1
108 4756 7077 5968 4305 3989 2
109 4794 4009 6747 4325 4263 1
110 4832 6747 4187 6036 5832 2
111 4886 5822 7077 6168 6014 1
112 4943 6747 6094 4267 4029 2
113 4987 4029 6747 4331 4253 1
114 5034 6747 4233 6162 5872 2
115 5067 5842 6747 4459 6036 1
116 5119 6747 4169 4527 3629 2
117 5167 3999 6747 6044 4341 1
118 5220 7077 6068 4329 3989 2
119 5280 4009 7077 6038 4277 1
120 5324 7077 5970 6048 5872 2
121 5374 4009 6747 4313 4307 1
122 5407 7077 4401 4279 5872 2
123 5456 3989 7077 6164 4335 1
124 5494 6747 4207 4281 5832 2
125 5527 5812 7077 6158 4279 1
126 5575 7077 6060 4301 5852 2
127 5607 5852 7077 4239 4283 1
128 5667 6747 5974 4265 5822 2
129 5715 5812 7077 4521 6016 1
130 5765 7077 6088 4475 5832 2
131 5811 5832 6747 4245 6022 1
132 5869 7077 4191 6134 5852 2
133 5923 3989 6747 4217 4309 1
134 5979 7077 4215 4519 5862 2
135 6019 4019 6747 6158 4331 1
136 6059 6747 4245 4291 4059 2
137 6110 5822 6747 4451 4331 1
138 6168 7077 4219 4457 5862 2
139 6201 5832 7077 6048 6046 1
140 6251 7077 5950 6012 5812 2
141 6297 4019 6747 6164 4341 1
142 6329 6747 6092 4285 4009 2
143 6372 3989 6747 6160 6026 1
144 6431 7077 4349 4305 4049 2
145 6464 3989 7077 6166 4285 1
146 6504 6747 6090 6142 5660 2
147 6547 5832 7077 6146 4293 1
148 6602 7077 5940 4315 3999 2
149 6645 5832 6747 6168 4341 1
150 6686 6747 4361 4503 5842 2
151 6746 5832 6747 4211 4337 1
152 6802 7077 5968 6168 4029 2
153 6836 5842 7077 4309 6048 1
154 6888 7077 4407 6144 3989 2
155 6920 5842 7077 4477 4261 1
156 6955 7077 5944 4477 4009 2
157 7005 5832 7077 4207 4329 1
158 7050 7077 4171 6016 5842 2
159 7083 5852 6747 4483 4301 1
160 7114 7077 4349 6162 5832 2
161 7164 5852 6747 6048 4327 1
162 7201 6747 4215 4521 4029 2
163 7233 3989 6747 4231 4329 1
164 7279 6747 4423 4501 3989 2
165 7336 5832 7077 6160 4309 1
166 7392 7077 4239 4519 4019 2
167 7422 3989 7077 6160 6048 1
168 7460 6747 5968 4479 4019 2
169 7515 5822 7077 4457 6038 1
170 7559 7077 4351 4453 3999 2
171 7611 4009 7077 4337 4259 1
172 7655 6747 4181 4501 5812 2
173 7711 5832 6747 4473 4309 1
174 7762 6747 6094 4501 4039 2
175 7822 5852 6747 6566 6012 1
176 7880 7077 6074 4493 5822 2
177 7912 4029 7077 6156 6044 1
178 7943 6747 6088 4447 4009 2
179 7992 3999 7077 4211 4309 1
180 8045 7077 5944 4337 4029 2
181 8105 4019 7077 4213 4333 1
182 8151 7077 5974 6036 4019 2
183 8196 5832 7077 6144 4291 1
184 8230 7077 4241 6038 5660 2
185 8276 5822 7077 4333 6014 1
186 8315 7077 4163 4457 5812 2
187 8348 5812 6747 6044 6026 1
188 8380 7077 5970 6144 5852 2
189 8422 4019 7077 6164 6044 1
190 8458 7077 6072 4475 5652 2
191 8515 5852 7077 4529 4309 1
192 8557 6747 4425 4329 4039 2
193 8591 4019 6747 4213 6012 1
194 8643 6747 4205 4505 5822 2
195 8703 3989 7077 4521 4305 1
196 8737 6747 5950 4453 3989 2
197 8789 5852 7077 5974 4307 1
198 8844 7077 5974 4255 5660 2
199 8886 3989 7077 4311 4261 1
200 8936 7077 5946 4469 4019 2
201 8991 5822 6747 4459 6044 1
202 9042 6747 4375 4335 5852 2
203 9084 4019 6747 4213 4289 1
204 9128 7077 4429 4307 5822 2
205 9176 5852 6747 4501 4257 1
206 9215 7077 4423 4313 4029 2
207 9251 5842 7077 4243 4283 1
208 9299 7077 4211 4333 5842 2
209 9343 4029 7077 4237 4313 1
210 9387 6747 4215 4453 5832 2
211 9443 5822 7077 4481 4307 1
212 9499 7077 4349 6142 4009 2
213 9548 3999 7077 4519 4329 1
214 9587 6747 6066 4279 4009 2
215 9639 4029 7077 4529 6048 1
216 9680 6747 6096 4451 5652 2
217 9737 5832 6747 4335 4301 1
218 9773 6747 4219 4339 3989 2
219 9806 5812 6747 4527 6044 1
220 9858 6747 5950 6014 3999 2
221 9894 5852 6747 5968 4255 1
222 9947 6747 4351 6036 5872 2
223 9986 5842 7077 4207 6016 1
224 10023 6747 4163 4279 4009 2
225 10060 5842 6747 4229 4255 1
226 10105 6747 5952 4525 5832 2
227 10152 3989 6747 4523 6020 1
228 10184 7077 5978 4519 3629 2
229 10216 5842 7077 4329 4339 1
230 10269 6747 5972 4303 4029 2
231 10307 5852 7077 4307 4311 1
232 10357 7077 4239 4309 5852 2
233 10391 5842 7077 6166 4307 1
234 10445 7077 4397 4289 5812 2
235 10496 4019 6747 4205 4263 1
236 10553 6747 5946 4261 4029 2
237 10606 4029 7077 4311 4261 1
238 10660 6747 4197 4481 3989 2
239 10700 5852 6747 4525 4335 1
240 10748 6747 4377 4287 5832 2
241 10785 4009 6747 4235 4281 1
242 10844 6747 4361 4301 3999 2
243 10889 4019 6747 4451 6024 1
244 10942 7077 6096 4305 5652 2
245 10993 5842 6747 4341 4311 1
246 11044 7077 4191 4529 5872 2
247 11076 3999 6747 4495 4307 1
248 11120 7077 4373 4473 5652 2
249 11167 3989 7077 4479 4289 1
250 11216 7077 4433 4519 5652 2
251 11251 5822 7077 4205 4341 1
252 11298 7077 4229 4307 5832 2
253 11352 4029 7077 4481 4311 1
254 11382 7077 5972 4459 5842 2
255 11434 3999 7077 4219 4267 1
256 11478 6747 4163 6166 5652 2
257 11512 4019 6747 4233 4329 1
258 11544 7077 4353 4493 5652 2
259 11575 5812 6747 4325 4327 1
260 11634 7077 4165 6142 5862 2
261 11680 5852 6747 4231 4315 1
262 11711 7077 5944 6038 5652 2
263 11762 5812 7077 4471 4289 1
264 11798 6747 6096 4469 4049 2
265 11848 4029 7077 5978 6044 1
266 11892 6747 4383 6158 5652 2
267 11932 4009 7077 4517 4281 1
268 11989 6747 4387 4457 4059 2
269 12038 4029 6747 6038 4261 1
270 12090 6747 6096 4329 3637 2
271 12124 5812 6747 4233 4335 1
272 12183 6747 4183 4259 5822 2
273 12234 5822 7077 4241 6014 1
274 12270 6747 6064 4285 3629 2
275 12317 3989 7077 6140 4281 1
276 12363 6747 5964 6024 4009 2
277 12407 4019 7077 6042 6024 1
278 12465 7077 6072 4287 3645 2
279 12510 3989 6747 4445 4279 1
280 12568 7077 6092 6168 3989 2
281 12624 4009 6747 6160 4255 1
282 12659 7077 4211 4307 5832 2
283 12703 4019 7077 4315 4293 1
284 12737 7077 4245 4479 4009 2
285 12779 4009 7077 6138 4311 1
286 12817 6747 6084 4325 3989 2
287 12865 4029 7077 4521 4333 1
288 12925 7077 4431 4453 5852 2
289 12973 5812 7077 4213 6024 1
290 13008 7077 5966 6048 5822 2
291 13048 4029 6747 4301 4265 1
292 13089 7077 6074 6016 4039 2
293 13141 5812 6747 4471 4335 1
294 13198 7077 5940 4337 3999 2
295 13233 4009 6747 4457 4283 1
296 13293 6747 4355 6024 3645 2
297 13344 4009 6747 4229 4301 1
298 13395 7077 5948 4485 4009 2
299 13437 5842 7077 4483 4325 1
300 13469 7077 5946 4335 5832 2
301 13528 4019 6747 6142 4263 1
302 13559 7077 6088 4525 4029 2
303 13590 5842 6747 4231 4327 1
304 13638 7077 5978 4527 4009 2
305 13676 5842 7077 4477 4283 1
306 13733 7077 4187 4501 4039 2
307 13781 5842 7077 4337 6040 1
308 13825 6747 4353 6136 4009 2
309 13882 5832 6747 4313 4313 1
310 13937 7077 4435 4289 4049 2
311 13992 5842 6747 6048 6046 1
312 14050 7077 6066 6142 4049 2
313 14100 5842 7077 6050 4303 1
314 14154 6747 4163 4261 5862 2
315 14198 3989 6747 4215 6050 1
316 14258 7077 4389 6046 4029 2
317 14305 5832 7077 4479 6016 1
318 14360 6747 4211 4283 4039 2
319 14404 5832 7077 4519 4303 1
320 14461 7077 4359 6132 3629 2
321 14519 4019 6747 4477 4291 1
322 14575 6747 4169 6132 3645 2
323 14626 5842 6747 4519 6016 1
324 14656 7077 4385 4527 5652 2
325 14708 4009 7077 4205 4283 1
326 14741 6747 6086 4503 5842 2
327 14801 3989 7077 4341 4305 1
328 14832 6747 6060 4329 3629 2
329 14862 4009 7077 4241 6022 1
330 14906 7077 4167 4503 4049 2
331 14962 5832 6747 6158 6044 1
332 15022 7077 4351 4333 5660 2
333 15082 4009 7077 4447 4325 1
334 15134 7077 4355 6132 4009 2
335 15171 4019 6747 4503 6040 1
336 15230 6747 4433 6170 4059 2
337 15289 4019 7077 4205 4333 1
338 15338 7077 4405 4483 3989 2
339 15377 5822 6747 4501 6040 1
340 15415 7077 5944 6144 5852 2
341 15448 5852 7077 4447 6036 1
342 15502 6747 4349 6168 5862 2
343 15536 4019 6747 5964 4301 1
344 15577 6747 4215 6020 5832 2
345 15607 3989 7077 4325 4285 1
346 15638 7077 5964 4471 5872 2
347 15670 4029 7077 4337 4315 1
348 15718 7077 4217 4495 5652 2
349 15778 5842 7077 4219 6020 1
350 15810 7077 4399 6156 4039 2
351 15865 4029 6747 4483 4329 1
352 15922 7077 5968 6566 4039 2
353 15954 5812 6747 4241 4309 1
354 16004 7077 4409 4507 4049 2
355 16037 4019 7077 6136 4333 1
356 16077 7077 4161 6162 5822 2
357 16129 4009 7077 4311 4309 1
358 16182 6747 4167 4311 3989 2
359 16222 3989 6747 5970 4277 1
360 16276 7077 5968 4457 4029 2
361 16334 5852 7077 6040 6026 1
362 16369 6747 6068 4283 4059 2
363 16422 5812 6747 5964 4281 1
364 16478 7077 4163 4447 5852 2
365 16530 4029 7077 4219 4333 1
366 16585 7077 6072 4457 5812 2
367 16645 5852 6747 6138 6014 1
368 16678 6747 4207 6168 5832 2
369 16720 5822 6747 4233 6036 1
370 16764 7077 4243 4267 3637 2
371 16818 5842 7077 4337 4313 1
372 16865 7077 6092 4519 4049 2
373 16896 5852 6747 4521 4255 1
374 16931 6747 5968 6168 5872 2
375 16973 4009 7077 4241 4309 1
376 17015 7077 6098 6146 5832 2
377 17049 3989 6747 4449 6042 1
378 17086 6747 4359 4329 5872 2
379 17119 5832 6747 4309 6018 1
380 17169 6747 4425 4255 5822 2
381 17221 5812 7077 4475 4325 1
382 17280 7077 4167 4333 5852 2
383 17333 5842 7077 6046 4285 1
384 17372 7077 5940 4477 5872 2
385 17423 5842 7077 4325 6016 1
386 17465 6747 6098 4475 5822 2
387 17495 3999 6747 4519 4337 1
388 17537 7077 4245 4339 5660 2
389 17581 4029 7077 4339 6022 1
390 17620 7077 4235 4483 3637 2
391 17669 4009 6747 6042 6036 1
392 17726 6747 4231 4501 4049 2
393 17774 5842 6747 6050 4335 1
394 17807 7077 4189 4285 5862 2
395 17866 4019 6747 6566 4305 1
396 17905 6747 6068 6140 5872 2
397 17941 5832 6747 5966 4311 1
398 17980 7077 4401 4261 5832 2
399 18013 4029 6747 6036 4283 1
400 18056 6747 5948 4253 5812 2
401 18109 3989 7077 4335 6038 1
402 18145 6747 4167 4285 3629 2
403 18187 5812 7077 4245 4257 1
404 18231 7077 4357 4285 3637 2
405 18284 3999 7077 6044 4309 1
406 18318 6747 4397 4339 4019 2
407 18375 5852 7077 4501 4305 1
408 18430 7077 4243 6046 4039 2
409 18468 4029 6747 4209 4293 1
410 18521 6747 4233 4521 4019 2
411 18573 5842 6747 6134 4267 1
412 18633 7077 4437 4485 5832 2
413 18679 5832 7077 6144 6040 1
414 18713 7077 6084 4527 4029 2
415 18764 4029 6747 4241 4277 1
416 18809 6747 4207 4291 4029 2
417 18840 5832 7077 4337 4315 1
418 18900 6747 4397 4315 4039 2
419 18946 5812 6747 6158 4339 1
420 18981 6747 6068 4485 4039 2
421 19013 3999 6747 4239 6020 1
422 19045 6747 4217 4291 4039 2
423 19097 5812 7077 4215 4291 1
424 19143 6747 4197 4313 4009 2
425 19184 5852 7077 6046 4283 1
426 19230 7077 4185 4309 3629 2
427 19290 4009 7077 5976 4289 1
428 19346 6747 6070 4335 4039 2
429 19406 3999 6747 6170 4315 1
430 19447 7077 4397 6166 5872 2
431 19482 5852 7077 6160 4265 1
432 19525 7077 4243 4293 4059 2
433 19568 5822 6747 4495 4277 1
434 19609 7077 4359 6156 5660 2
435 19659 3989 6747 4451 4253 1
436 19719 6747 5952 4277 4009 2
437 19750 4009 6747 4445 4259 1
438 19792 7077 4361 6142 3989 2
439 19850 5832 6747 4499 4325 1
440 19908 7077 4427 4457 4029 2
441 19945 4009 6747 5978 6038 1
442 19975 6747 4205 4315 5842 2
443 20012 5822 6747 4205 4283 1
444 20057 7077 4403 4341 3989 2
445 20105 4019 7077 4529 6020 1
446 20154 6747 6084 4305 3637 2
447 20213 5842 6747 6136 6014 1
448 20263 7077 4359 6040 3637 2
449 20294 5832 6747 4219 6018 1
450 20340 6747 4425 4259 3999 2
451 20385 4019 7077 4315 6048 1
452 20416 6747 4401 6132 5652 2
453 20455 5842 6747 4495 4267 1
454 20504 6747 4183 4483 3629 2
455 20539 3999 7077 4311 4287 1
456 20596 7077 5944 6564 4029 2
457 20638 4009 7077 6566 4325 1
458 20672 7077 4213 4257 5832 2
459 20730 5852 7077 4341 4337 1
460 20773 7077 5940 4493 5832 2
461 20815 5832 6747 5970 4333 1
462 20850 7077 4243 4261 3637 2
463 20907 5842 6747 4219 4305 1
464 20942 6747 4403 6012 4049 2
465 20987 4019 6747 4459 4315 1
466 21031 6747 5940 4521 5852 2
467 21062 5822 6747 4315 4263 1
468 21098 6747 4237 6156 5832 2
469 21131 5812 6747 4469 4281 1
470 21167 7077 4161 4311 4019 2
471 21206 4009 6747 6138 4283 1
472 21264 7077 4423 4303 5852 2
473 21309 4029 6747 4527 6046 1
474 21358 7077 6094 6170 5872 2
475 21416 5812 6747 4205 4277 1
476 21456 6747 4209 6050 5652 2
477 21490 4009 7077 4521 4341 1
478 21527 6747 4219 6132 4049 2
479 21565 4029 7077 4301 6040 1
480 21603 6747 4397 4325 4019 2
481 21640 4029 6747 6038 4301 1
482 21690 6747 4209 4281 3637 2
483 21739 5812 6747 4447 4283 1
484 21780 7077 4183 4303 5652 2
485 21813 5812 6747 4485 4327 1
486 21847 6747 4183 6018 5852 2
487 21889 4009 6747 5968 4335 1
488 21946 6747 5974 6132 5660 2
489 21987 4009 7077 6564 6018 1
490 22046 7077 4159 6156 5852 2
491 22076 5812 6747 4505 4305 1
492 22118 6747 4233 6132 5832 2
493 22171 4029 6747 4455 4329 1
494 22203 7077 4239 4309 3645 2
495 22235 5822 6747 4523 4335 1
496 22294 7077 4359 4259 5652 2
497 22330 5842 6747 6046 6048 1
498 22365 7077 4231 6026 3645 2
499 22417 5842 7077 4245 6042 1
500 22454 6747 4353 6046 3999 2
501 22486 5832 6747 4497 6018 1
502 22527 7077 4409 6144 5852 2
503 22562 5812 7077 6046 6042 1
504 22596 7077 4181 4519 4049 2
505 22641 3989 6747 4527 4309 1
506 22677 6747 4217 4267 4019 2
507 22736 5852 6747 4329 4313 1
508 22783 6747 4243 6012 4049 2
509 22832 5822 6747 6138 4309 1
510 22892 7077 4231 4333 5822 2
511 22942 3989 6747 4229 6016 1
512 22985 6747 4209 6050 5872 2
513 23022 5822 7077 4235 4325 1
514 23071 7077 4209 4483 4039 2
515 23126 3989 7077 5964 4289 1
516 23160 6747 4433 4339 3637 2
517 23203 5822 6747 6038 6048 1
518 23236 7077 4405 4279 5652 2
519 23281 5832 7077 6044 6022 1
520 23325 6747 5954 6036 4049 2
521 23366 3999 7077 4307 4283 1
522 23399 7077 6090 6142 4039 2
523 23446 5852 7077 6036 6016 1
524 23478 7077 4361 4265 5822 2
525 23534 5812 6747 4243 4309 1
526 23593 6747 5968 4301 3645 2
527 23648 5812 7077 6168 6042 1
528 23683 7077 4193 4315 3637 2
529 23723 3989 6747 4325 6024 1
530 23756 6747 4431 6138 4029 2
531 23807 4009 7077 4217 4313 1
532 23841 6747 4403 4265 5822 2
533 23896 3989 7077 4449 4315 1
534 23932 6747 4229 4453 5872 2
535 23964 3989 6747 4307 4331 1
536 24012 7077 4237 4257 4039 2
537 24049 5852 6747 4445 4253 1
538 24102 7077 4209 6018 5822 2
539 24142 5822 7077 6136 4291 1
540 24189 7077 4423 6018 4029 2
541 24228 4029 7077 6036 6036 1
542 24268 6747 4237 6136 5842 2
543 24326 4019 7077 5972 4293 1
544 24361 7077 6064 6166 5652 2
545 24408 4009 7077 6168 6046 1
546 24455 6747 4237 4527 5832 2
547 24498 3999 6747 6564 6050 1
548 24530 6747 4173 6014 3629 2
549 24589 5832 6747 6044 4329 1
550 24629 6747 4373 4469 5852 2
551 24676 5842 7077 4243 4279 1
552 24715 7077 4239 4265 4009 2
553 24749 5822 7077 4523 6042 1
554 24788 6747 6072 4451 5842 2
555 24822 5832 7077 4217 4329 1
556 24873 7077 4421 4255 3629 2
557 24913 3999 7077 4219 4311 1
558 24960 6747 4159 4281 5822 2
559 25013 4019 6747 5974 4291 1
560 25047 7077 4189 4451 5832 2
561 25102 5852 6747 4229 6042 1
562 25157 7077 4233 4259 4019 2
563 25201 5852 6747 6142 4315 1
564 25231 7077 5968 6166 5872 2
565 25264 4019 6747 4451 6050 1
566 25315 6747 4397 4311 3645 2
567 25365 3999 6747 4305 4263 1
568 25424 6747 5972 6042 4049 2
569 25480 5852 6747 4505 4303 1
570 25518 6747 4383 6038 4039 2
571 25556 4019 7077 4445 4313 1
572 25590 6747 5946 4293 3989 2
573 25636 3989 7077 4477 6040 1
574 25689 6747 4381 6566 4049 2
575 25744 5842 7077 6144 4289 1
576 25798 7077 4239 6024 5852 2
577 25832 3999 6747 4219 4309 1
578 25890 7077 4403 4333 5832 2
579 25920 4029 7077 4529 4337 1
580 25980 7077 4425 4503 3629 2
581 26021 5842 6747 4457 4331 1
582 26054 7077 4431 4333 5812 2
583 26113 5812 7077 4335 6022 1
584 26156 7077 4165 4313 5832 2
585 26208 3999 6747 6050 4329 1
586 26256 7077 5972 4473 3989 2
587 26311 5822 7077 5972 4255 1
588 26350 6747 4167 4293 3645 2
589 26402 4009 6747 4217 4265 1
590 26462 7077 5954 4305 5872 2
591 26522 4009 7077 4311 6026 1
592 26571 6747 5948 6026 3645 2
593 26615 3999 6747 4457 4325 1
594 26670 6747 6092 4477 4049 2
595 26729 3999 7077 6044 4279 1
596 26764 6747 4181 6046 5660 2
597 26810 5842 7077 4313 4283 1
598 26864 6747 4237 6040 4019 2
599 26921 5812 6747 4517 4335 1
600 26962 7077 4411 4257 3989 2
