1 56 4029 6747 4481 4301 1
2 113 6747 6088 6168 4019 2
3 155 5822 7077 4477 4281 1
4 203 7077 6070 4445 4019 2
5 262 4009 6747 4235 4307 1
6 322 6747 4215 4445 3629 2
7 371 5852 6747 4521 4337 1
8 423 7077 5954 4523 3999 2
9 465 4029 6747 6138 4339 1
10 518 6747 6096 4303 5660 2
11 570 5812 7077 4523 4305 1
12 629 7077 4423 4303 5822 2
13 681 4019 7077 4519 4289 1
14 726 6747 4433 4329 3645 2
15 783 5832 6747 6164 4261 1
16 838 7077 6092 4479 5652 2
17 890 5842 6747 5964 6020 1
18 935 6747 4407 6042 5842 2
19 978 3999 7077 4475 4331 1
20 1029 6747 4163 6018 4049 2
21 1073 5852 7077 4529 4283 1
22 1123 7077 4389 4477 4029 2
23 1177 4029 7077 4505 4339 1
24 1227 6747 4397 6042 5852 2
25 1276 3989 6747 6166 4267 1
26 1329 6747 6068 4453 5872 2
27 1377 5812 6747 4215 6022 1
28 1431 7077 4399 6016 4059 2
29 1484 5852 6747 6166 4253 1
30 1534 6747 6066 4507 5822 2
31 1578 5842 7077 5964 4267 1
32 1629 6747 6068 4341 4059 2
33 1682 5852 7077 4331 4313 1
34 1726 6747 6072 4265 4039 2
35 1785 3989 6747 6050 4287 1
36 1828 7077 4351 6016 4039 2
37 1875 5842 6747 6038 6018 1
38 1927 6747 4171 4309 5660 2
39 1975 4009 7077 4447 4339 1
40 2019 6747 4401 6158 5812 2
41 2062 5832 7077 4331 4327 1
42 2103 7077 6094 4337 5812 2
43 2155 5852 7077 5978 4263 1
44 2201 7077 4167 4305 4019 2
45 2242 5842 6747 4473 4267 1
46 2286 7077 6062 4341 5822 2
47 2341 5852 7077 4235 6022 1
48 2401 6747 4411 6142 5822 2
49 2454 5852 6747 6040 4335 1
50 2499 7077 4353 6014 5832 2
51 2550 3999 6747 6170 6050 1
52 2610 7077 4401 4301 3637 2
53 2670 5832 7077 4481 6044 1
54 2719 6747 6088 4307 3989 2
55 2767 5852 7077 4493 4257 1
56 2827 6747 6098 4331 4049 2
57 2883 4019 6747 4451 6018 1
58 2926 6747 4375 4309 4019 2
59 2985 5822 7077 4449 6040 1
60 3035 6747 4219 4261 3999 2
61 3084 4009 6747 4329 4333 1
62 3136 6747 4423 4469 5852 2
63 3189 5812 7077 6136 4277 1
64 3245 7077 4437 6040 5822 2
65 3293 4009 7077 4447 4341 1
66 3352 6747 5944 4333 5812 2
67 3409 3989 7077 4307 6042 1
68 3451 6747 5944 4499 4009 2
69 3494 5822 7077 6566 4333 1
70 3550 6747 4243 4497 4019 2
71 3599 3989 6747 4507 4325 1
72 3645 7077 4403 4329 4029 2
73 3689 4029 6747 4327 4285 1
74 3740 6747 4389 4339 5852 2
75 3780 3989 7077 6166 6020 1
76 3822 7077 5978 6138 4059 2
77 3873 4029 6747 4231 4311 1
78 3928 6747 4385 6156 5852 2
79 3968 5832 6747 4501 6024 1
80 4027 7077 5942 4449 5852 2
81 4072 5832 7077 4303 4267 1
82 4116 6747 6070 6132 3629 2
83 4158 3989 7077 4449 6024 1
84 4199 7077 4231 4469 5832 2
85 4257 5812 7077 6036 4263 1
86 4297 6747 4433 6020 4059 2
87 4347 3989 7077 4205 4263 1
88 4407 7077 4189 4291 5842 2
89 4447 5812 7077 4453 4305 1
90 4500 7077 4383 6024 3989 2
91 4555 3999 7077 4455 4325 1
92 4599 6747 6064 4291 3999 2
93 4653 5832 6747 4309 6018 1
94 4703 6747 4437 4333 3999 2
95 4743 5832 7077 6134 4293 1
96 4798 7077 4181 4459 4049 2
97 4838 3989 6747 4325 4335 1
98 4878 7077 6096 4301 3989 2
99 4935 3989 7077 4307 4325 1
100 4983 7077 6068 6166 4019 2
101 5040 3999 7077 6166 4257 1
102 5100 6747 4407 6038 3989 2
103 5141 3989 6747 4333 6016 1
104 5201 7077 5966 6166 5660 2
105 5241 5842 6747 4327 4333 1
106 5301 6747 4241 4283 5832 2
107 5346 4019 6747 4341 6022 1
108 5397 7077 4195 6026 3637 2
109 5451 4009 6747 6044 4325 1
110 5497 6747 4183 4283 5872 2
111 5541 5822 7077 4305 4285 1
112 5592 6747 4165 6018 4059 2
113 5642 5842 6747 6146 4279 1
114 5689 7077 4429 4455 4049 2
115 5729 5852 7077 4325 6048 1
116 5769 6747 4425 6566 3645 2
117 5813 4009 6747 6048 4329 1
118 5855 7077 4167 4519 4009 2
119 5899 5842 6747 4325 6026 1
120 5950 6747 6064 6042 5832 2
121 5997 5842 6747 4527 6046 1
122 6056 7077 4363 6036 5872 2
123 6106 3999 7077 4471 4313 1
124 6151 7077 4215 6564 5812 2
125 6202 3989 7077 4307 4257 1
126 6257 6747 6066 6138 3629 2
127 6300 4029 7077 4337 4289 1
128 6356 6747 5944 4303 4029 2
129 6398 5832 7077 4243 4327 1
130 6447 6747 4237 6146 4019 2
131 6489 5852 7077 6142 4331 1
132 6545 7077 4425 6158 4009 2
133 6605 3999 6747 4327 6018 1
134 6661 7077 4197 4315 5872 2
135 6720 3999 6747 4241 4279 1
136 6771 7077 4387 6020 5872 2
137 6818 5852 7077 6168 4335 1
138 6876 6747 6088 6564 3645 2
139 6916 5832 7077 6566 6016 1
140 6976 6747 4359 4521 5842 2
141 7033 5842 7077 4245 4337 1
142 7081 6747 4183 6040 5852 2
143 7141 5812 7077 4213 6038 1
144 7199 6747 5942 6038 3999 2
145 7258 4019 6747 4451 4285 1
146 7305 6747 5968 6026 3999 2
147 7363 4009 6747 6142 4283 1
148 7404 6747 4433 4277 4059 2
149 7444 4029 6747 6156 6018 1
150 7490 6747 4383 6164 5872 2
151 7533 5842 7077 4311 4303 1
152 7586 6747 4381 4459 3629 2
153 7639 3999 7077 4205 4313 1
154 7689 7077 4233 6020 3999 2
155 7740 5812 7077 6142 4277 1
156 7784 6747 4401 4527 3645 2
157 7836 4009 6747 4451 4341 1
158 7893 7077 4169 4339 4039 2
159 7950 5822 7077 6168 6042 1
160 8010 7077 4377 6012 5872 2
161 8051 4009 6747 4471 6036 1
162 8096 7077 4385 4459 3629 2
163 8145 5832 7077 6142 6026 1
164 8202 6747 5970 4339 5832 2
165 8257 4029 7077 4303 4325 1
166 8306 7077 4231 4305 5652 2
167 8355 5822 7077 6162 6038 1
168 8403 6747 4231 4519 5872 2
169 8448 4009 7077 4313 6018 1
170 8503 6747 4165 4525 5862 2
171 8543 5832 7077 4493 6024 1
172 8587 6747 4431 4459 3637 2
173 8647 4029 7077 6142 6022 1
174 8691 6747 4209 4315 5852 2
175 8736 5822 6747 4475 6022 1
176 8788 6747 5940 6018 5822 2
177 8829 5812 7077 4219 4265 1
178 8887 6747 4425 4293 5872 2
179 8930 3989 6747 4453 4313 1
180 8971 7077 4167 6156 4039 2
181 9017 4009 6747 4455 4305 1
182 9060 6747 4189 4305 5842 2
183 9104 4029 7077 4231 4337 1
184 9144 6747 4185 4525 5652 2
185 9188 3999 7077 5972 4305 1
186 9236 6747 4237 4453 4059 2
187 9278 3989 7077 4481 4313 1
188 9334 6747 4399 6142 4059 2
189 9377 4009 6747 4479 4337 1
190 9427 7077 4161 6166 5852 2
191 9468 5842 6747 4459 6046 1
192 9519 6747 5948 4327 4059 2
193 9571 5852 7077 4525 6048 1
194 9613 6747 4403 6138 5842 2
195 9654 5832 6747 4325 4289 1
196 9713 6747 5976 4311 3629 2
197 9768 5822 7077 6138 4333 1
198 9812 6747 4235 6026 4059 2
199 9856 5812 7077 4469 6050 1
200 9904 7077 4239 4263 5812 2
201 9948 4019 6747 4525 4265 1
202 10000 6747 4429 4331 4009 2
203 10050 3989 7077 4451 4315 1
204 10096 6747 4209 4337 4039 2
205 10149 4009 6747 6156 6018 1
206 10192 6747 4211 4309 5822 2
207 10239 3999 6747 4245 4267 1
208 10285 7077 4377 6564 5660 2
209 10345 5842 6747 4497 6040 1
210 10405 7077 4389 4525 5852 2
211 10456 3989 7077 4315 4303 1
212 10509 7077 4379 4281 3637 2
213 10566 5812 6747 4205 6046 1
214 10626 6747 6062 4501 5660 2
215 10666 5842 6747 4311 6038 1
216 10710 7077 4381 6050 4039 2
217 10761 3989 6747 4211 4305 1
218 10804 6747 5970 4289 4019 2
219 10864 3999 7077 4301 4341 1
220 10906 6747 6094 6132 3629 2
221 10960 5822 7077 4231 4313 1
222 11000 7077 6070 4303 3629 2
223 11047 4019 6747 4325 6020 1
224 11105 6747 4229 4471 5872 2
225 11158 4019 7077 4243 4289 1
226 11203 7077 4219 4507 5872 2
227 11245 4009 6747 5974 6026 1
228 11290 6747 4409 4499 5812 2
229 11337 3989 7077 6036 4285 1
230 11391 6747 6096 4497 5852 2
231 11442 5852 7077 6168 4261 1
232 11499 6747 4357 4525 4019 2
233 11558 5832 7077 4485 4279 1
234 11599 7077 4427 4259 4029 2
235 11647 5822 6747 5966 4265 1
236 11696 7077 5964 4331 5832 2
237 11754 3999 7077 6142 4341 1
238 11808 7077 4435 6160 4029 2
239 11850 4019 6747 4315 4259 1
240 11908 7077 4205 4479 3629 2
241 11951 5822 7077 6134 6050 1
242 12002 7077 4427 4505 5872 2
243 12053 3989 7077 4473 4255 1
244 12101 7077 6062 4265 4019 2
245 12154 4009 6747 4219 4265 1
246 12198 7077 4187 4311 4059 2
247 12258 4009 7077 4507 4315 1
248 12301 7077 6088 4529 3629 2
249 12341 3999 6747 6158 6012 1
250 12394 7077 4431 4293 3629 2
251 12443 3989 7077 4447 4329 1
252 12499 7077 4349 4475 5652 2
253 12549 4019 7077 6140 6018 1
254 12593 7077 4191 4521 5822 2
255 12645 5812 7077 6144 4315 1
256 12703 6747 5970 4495 5862 2
257 12763 4019 6747 4477 4329 1
258 12811 7077 4213 6142 4029 2
259 12870 4029 6747 4451 6050 1
260 12929 6747 5954 4479 3629 2
261 12978 5842 7077 4303 4327 1
262 13037 7077 4399 4479 5652 2
263 13095 4029 7077 6566 4285 1
264 13145 6747 4425 4329 4019 2
265 13198 5832 6747 5974 4281 1
266 13247 7077 4193 4285 4009 2
267 13301 5832 6747 4213 6026 1
268 13349 7077 5974 4331 3645 2
269 13409 3999 7077 4339 6044 1
270 13463 6747 4211 6046 4059 2
271 13523 3999 6747 4519 4313 1
272 13571 7077 4235 4521 5812 2
273 13615 3989 7077 6038 4303 1
274 13659 6747 4403 6168 3629 2
275 13718 5842 7077 6140 4337 1
276 13776 7077 6090 4265 3637 2
277 13834 5852 7077 4329 4327 1
278 13876 7077 4383 6170 5660 2
279 13924 5852 6747 5974 4311 1
280 13979 7077 4397 4313 3645 2
281 14032 5812 7077 6138 6038 1
282 14088 6747 4401 4333 4039 2
283 14131 5832 7077 4521 4263 1
284 14186 6747 4169 4505 3645 2
285 14235 4009 6747 5968 4263 1
286 14284 7077 4211 4479 5842 2
287 14331 4019 6747 6168 4267 1
288 14382 7077 4243 6566 3989 2
289 14439 5842 6747 6144 6050 1
290 14489 7077 4425 4505 5652 2
291 14548 5842 6747 6158 4315 1
292 14605 7077 4183 6138 5812 2
293 14651 3989 6747 4235 6040 1
294 14710 7077 4435 6018 4049 2
295 14750 5832 6747 6160 4293 1
296 14796 7077 4383 6144 5832 2
297 14841 5822 7077 4493 4337 1
298 14884 7077 6088 4341 4059 2
299 14941 4009 7077 4205 4331 1
300 14988 6747 4159 4255 4029 2
301 15046 4019 6747 4529 4315 1
302 15095 7077 4385 6018 3629 2
303 15153 4019 6747 4517 6014 1
304 15205 7077 5978 4519 4029 2
305 15263 4029 7077 4497 6022 1
306 15312 6747 4357 4287 4039 2
307 15363 5842 7077 4341 4283 1
308 15423 7077 4165 6044 3645 2
309 15483 5832 7077 4333 6038 1
310 15543 7077 4209 6050 3637 2
311 15591 3989 7077 4523 4267 1
312 15644 6747 5948 4331 4059 2
313 15696 4009 7077 4469 4289 1
314 15753 7077 6064 4277 4049 2
315 15802 5822 7077 4329 6050 1
316 15842 7077 4379 4285 3637 2
317 15901 3989 7077 6042 4301 1
318 15946 7077 5978 4505 3637 2
319 16000 5852 7077 4239 6038 1
320 16056 7077 4407 6144 5652 2
321 16111 5842 6747 4493 4309 1
322 16155 6747 4239 6162 4049 2
323 16197 4019 6747 6038 6020 1
324 16237 7077 4213 4493 5812 2
325 16281 4019 6747 4517 4257 1
326 16341 6747 4435 4459 4009 2
327 16387 5842 6747 6044 4301 1
328 16446 7077 4385 6566 5852 2
329 16498 5852 6747 4495 4259 1
330 16556 7077 5964 6146 5660 2
331 16598 4009 7077 4519 6012 1
332 16658 6747 6098 4493 5842 2
333 16715 5842 6747 5974 4289 1
334 16770 7077 4397 4281 5862 2
335 16824 5852 7077 6136 4301 1
336 16881 7077 5974 6564 4009 2
337 16926 4019 7077 4457 6016 1
338 16983 6747 4171 4495 5812 2
339 17038 4019 7077 4333 6012 1
340 17078 7077 4409 4445 3999 2
341 17124 3999 7077 4523 4253 1
342 17173 7077 4427 4519 5832 2
343 17222 4009 7077 4529 4285 1
344 17275 7077 4401 4315 3989 2
345 17319 4019 7077 4327 6042 1
346 17365 7077 4353 4339 3999 2
347 17415 5852 7077 4305 6040 1
348 17465 6747 5946 4469 5852 2
349 17507 5852 6747 5970 4311 1
350 17559 6747 6070 6012 4049 2
351 17611 4019 7077 4519 4313 1
352 17663 6747 4407 4303 5842 2
353 17722 3999 7077 4493 6016 1
354 17768 6747 5942 4283 4019 2
355 17822 5832 7077 4335 6046 1
356 17871 6747 4189 6168 4059 2
357 17922 5832 6747 6140 4283 1
358 17970 7077 4349 6566 4039 2
359 18028 3999 6747 4307 6026 1
360 18081 6747 4401 4505 3637 2
361 18123 5852 7077 4341 6014 1
362 18172 6747 4425 4479 5812 2
363 18220 4029 6747 6050 4263 1
364 18268 7077 6066 4325 4029 2
365 18314 3989 6747 4239 6018 1
366 18370 7077 4409 4291 4039 2
367 18430 5852 7077 4301 4265 1
368 18483 7077 4381 6138 5852 2
369 18535 5822 6747 4341 4267 1
370 18589 6747 4185 4285 5852 2
371 18649 4029 6747 4309 4301 1
372 18689 7077 4383 6014 5862 2
373 18732 5832 7077 4479 4325 1
374 18774 6747 4217 4287 5862 2
375 18821 4019 6747 4495 6048 1
376 18870 6747 4375 4471 5842 2
377 18914 5822 6747 4307 6044 1
378 18974 7077 4211 6050 5652 2
379 19017 5842 6747 6158 4339 1
380 19067 7077 4363 4339 5812 2
381 19126 3989 7077 4503 6048 1
382 19170 6747 5976 4497 4039 2
383 19223 4029 6747 4459 4283 1
384 19279 6747 4427 4503 3629 2
385 19326 4009 7077 4217 4301 1
386 19385 6747 4361 6014 3637 2
387 19427 5822 6747 4457 6048 1
388 19482 6747 4239 6142 4029 2
389 19524 5832 7077 4469 4307 1
390 19577 6747 4349 6024 4029 2
391 19620 5842 6747 4529 6016 1
392 19668 7077 4407 4445 5832 2
393 19727 4029 7077 4457 6026 1
394 19768 6747 6062 4341 5842 2
395 19815 5842 6747 6146 4301 1
396 19866 7077 4383 4483 4049 2
397 19924 4009 6747 4237 4305 1
398 19968 6747 5942 4451 4019 2
399 20010 5822 6747 6160 4325 1
400 20065 6747 4241 4503 5812 2
401 20106 5812 7077 4501 4337 1
402 20152 6747 4159 6022 5872 2
403 20202 4019 6747 6566 4333 1
404 20253 7077 5964 4483 3989 2
405 20305 3989 7077 4471 4281 1
406 20352 6747 4397 4451 3989 2
407 20393 4029 6747 4525 4281 1
408 20447 6747 4207 6566 5842 2
409 20506 3999 6747 4505 4261 1
410 20562 7077 5948 4339 3637 2
411 20616 3999 6747 4241 4277 1
412 20674 6747 4355 6146 3629 2
413 20725 3989 7077 4497 6016 1
414 20768 6747 4189 4283 3989 2
415 20828 5822 7077 4453 4329 1
416 20873 7077 4387 4277 5660 2
417 20913 5832 7077 4505 6024 1
418 20970 7077 5948 6160 5862 2
419 21017 5812 7077 6156 4339 1
420 21069 6747 4409 6050 5832 2
421 21118 5812 6747 6038 6038 1
422 21172 7077 5942 4471 3999 2
423 21215 5812 6747 4335 4309 1
424 21266 7077 6070 4305 5842 2
425 21322 5852 7077 6144 4333 1
426 21371 7077 4387 4529 5832 2
427 21415 3989 6747 5964 4257 1
428 21472 7077 6068 4309 3629 2
429 21525 5812 6747 6038 6050 1
430 21565 6747 4407 6038 3629 2
431 21606 5852 7077 4527 6048 1
432 21666 7077 4389 6014 4039 2
433 21717 4009 7077 4453 4311 1
434 21769 7077 5966 6162 5812 2
435 21822 4009 7077 4517 4281 1
436 21862 6747 5972 4505 3989 2
437 21906 5812 6747 5976 4267 1
438 21960 7077 4351 4301 3999 2
439 22013 4009 6747 4325 6022 1
440 22071 6747 6062 4287 3645 2
441 22126 5822 7077 6048 6012 1
442 22179 7077 4219 4447 5812 2
443 22227 5852 6747 4507 4279 1
444 22281 6747 4187 6018 5822 2
445 22337 4009 6747 4237 6026 1
446 22392 6747 4209 4453 4059 2
447 22449 5852 7077 6140 4285 1
448 22509 6747 4195 6164 5872 2
449 22556 5822 6747 4337 4341 1
450 22606 7077 4433 4289 4029 2
451 22663 4029 6747 6038 4333 1
452 22723 6747 4401 6566 4039 2
453 22774 3999 7077 4309 4313 1
454 22823 7077 4353 4279 5822 2
455 22873 5812 6747 5976 4293 1
456 22920 6747 5950 6146 3999 2
457 22978 4019 7077 6164 6040 1
458 23038 6747 6088 4281 5842 2
459 23078 4029 6747 4333 4311 1
460 23118 6747 4349 4287 4059 2
461 23178 5842 6747 4339 4325 1
462 23235 7077 6064 4253 5832 2
463 23294 4019 6747 5976 4283 1
464 23345 7077 4385 4451 3637 2
465 23385 5812 7077 4329 6040 1
466 23445 7077 6066 4327 3989 2
467 23494 5842 6747 4239 4293 1
468 23542 6747 4351 6158 4029 2
469 23596 4019 7077 4493 4301 1
470 23656 7077 4421 4305 5862 2
471 23708 4029 7077 4325 4311 1
472 23757 7077 4195 4445 4049 2
473 23802 4019 7077 6156 6016 1
474 23842 7077 4407 4301 5832 2
475 23900 3999 6747 4519 6020 1
476 23954 6747 4197 6042 4019 2
477 24012 3999 6747 4469 6050 1
478 24064 6747 4243 4309 5660 2
479 24116 3989 6747 4315 4291 1
480 24165 6747 4349 4303 3989 2
481 24215 5842 7077 4485 6022 1
482 24267 6747 4231 4311 5812 2
483 24312 4019 7077 4471 4301 1
484 24366 7077 4187 4289 3645 2
485 24417 3989 7077 6168 4315 1
486 24469 6747 4353 4315 4019 2
487 24521 5822 7077 4245 4281 1
488 24580 7077 4359 6044 3637 2
489 24628 4009 7077 4217 6024 1
490 24670 6747 5952 4307 5660 2
491 24717 3999 7077 6046 4333 1
492 24771 6747 6098 4329 4019 2
493 24825 5822 7077 4335 4313 1
494 24875 6747 4377 6050 5842 2
495 24932 5852 7077 4339 4293 1
496 24978 7077 4427 6026 5812 2
497 25023 4019 7077 4243 4283 1
498 25079 7077 5970 4283 4029 2
499 25124 5812 6747 4215 4335 1
500 25183 6747 4407 6164 4029 2
501 25234 4019 7077 6566 4289 1
502 25280 6747 5976 4517 5660 2
503 25336 5832 6747 6038 4283 1
504 25376 6747 6096 4283 3989 2
505 25418 5832 7077 4243 4291 1
506 25474 6747 5950 4503 5652 2
507 25530 3999 6747 4503 6014 1
508 25579 6747 4383 6042 4049 2
509 25638 4009 6747 4517 6036 1
510 25689 7077 4363 4335 4059 2
511 25746 5812 7077 4499 6042 1
512 25796 6747 5970 4473 4059 2
513 25844 5822 6747 4313 6038 1
514 25901 7077 4229 4483 3637 2
515 25953 5812 6747 6038 4309 1
516 26013 7077 4213 6166 5852 2
517 26059 3999 6747 5974 6042 1
518 26103 6747 6068 4527 3629 2
519 26147 4029 6747 4243 4307 1
520 26194 6747 4363 4517 5652 2
521 26252 5832 6747 6140 4283 1
522 26292 7077 4383 6142 5842 2
523 26350 5812 6747 4523 4289 1
524 26399 6747 4429 4283 5862 2
525 26447 4029 7077 4529 4257 1
526 26504 6747 4233 4459 5822 2
527 26562 5812 7077 5968 4261 1
528 26615 6747 4231 6146 5812 2
529 26661 4029 6747 4341 4291 1
530 26709 7077 6088 4309 5652 2
531 26762 5822 6747 6044 4287 1
532 26811 6747 4245 4253 3645 2
533 26863 3989 6747 4525 4255 1
534 26910 7077 4401 4281 3645 2
535 26965 5832 6747 4315 4263 1
536 27015 7077 4197 4499 3637 2
537 27070 5832 7077 5972 6020 1
538 27129 6747 5978 6156 5872 2
539 27171 3999 7077 6162 6012 1
540 27213 7077 4239 6038 5660 2
541 27256 3999 7077 6048 4265 1
542 27307 7077 4397 4289 5832 2
543 27356 3999 7077 4459 4263 1
544 27402 6747 4235 4455 5852 2
545 27446 4009 7077 6050 4309 1
546 27489 6747 5970 4497 5832 2
547 27533 3989 6747 5968 6040 1
548 27577 6747 4431 4471 4029 2
549 27633 5852 6747 4245 4327 1
550 27686 6747 5944 4479 4009 2
551 27732 5852 6747 4477 4253 1
552 27781 7077 6064 6164 5660 2
553 27833 5822 6747 6046 4265 1
554 27878 7077 6084 4455 5652 2
555 27930 4019 7077 6160 4281 1
556 27979 7077 4431 4287 3629 2
557 28035 3999 6747 4303 6026 1
558 28076 6747 4197 4341 5822 2
559 28135 5852 6747 4233 6016 1
560 28194 7077 4425 4493 5832 2
561 28249 4019 6747 4445 4303 1
562 28293 7077 4189 6014 5832 2
563 28344 5822 6747 6160 4277 1
564 28385 6747 6072 6042 5832 2
565 28430 5832 7077 4339 4337 1
566 28472 7077 4359 4497 5832 2
567 28531 3989 7077 5964 4259 1
568 28572 6747 4427 4257 3629 2
569 28622 3989 7077 6158 4283 1
570 28672 6747 6084 6014 4019 2
571 28715 4029 6747 4339 4309 1
572 28756 7077 6066 4263 4019 2
573 28797 5832 6747 4501 6022 1
574 28847 7077 4207 4333 3999 2
575 28903 3989 7077 6040 6026 1
576 28945 7077 5970 4263 3637 2
577 28994 5812 6747 4481 6026 1
578 29035 6747 4173 4267 3629 2
579 29081 5822 6747 4305 4339 1
580 29121 7077 5940 6042 4059 2
581 29176 5852 6747 4219 6038 1
582 29218 6747 4231 6018 3637 2
583 29268 5842 7077 4313 4327 1
584 29328 7077 6088 4477 4009 2
585 29384 5852 6747 6040 6016 1
586 29428 7077 5952 6168 3645 2
587 29483 5812 6747 4505 4311 1
588 29529 7077 4205 4327 4039 2
589 29589 5822 7077 4339 6014 1
590 29631 7077 4217 6140 3629 2
591 29684 4029 6747 4495 4307 1
592 29737 6747 4171 4481 3989 2
593 29794 3989 7077 4235 4277 1
594 29847 7077 6088 6014 3999 2
595 29905 5852 6747 6168 4285 1
596 29953 6747 4387 4449 4019 2
597 30011 4009 7077 4341 4337 1
598 30064 6747 5940 4521 5652 2
599 30121 5812 7077 4219 4335 1
600 30180 6747 5968 4497 5652 2
