1 41 4009 6747 4471 6038 1
2 89 6747 4213 4523 5872 2
3 123 6026 4389 4493 5852 2
4 167 3989 6747 4207 6042 1
5 204 6747 4245 6016 5660 2
6 239 6048 6098 6144 4029 2
7 277 3999 7077 4527 4279 1
8 322 7077 4235 4311 4009 2
9 353 4309 4425 4451 4009 2
10 396 5842 6747 4447 4289 1
11 426 7077 4191 4265 3629 2
12 466 4263 4423 6156 5812 2
13 502 3989 6747 4205 6012 1
14 535 7077 5970 4451 4059 2
15 569 4259 4375 6164 3989 2
16 617 5832 6747 6564 4289 1
17 654 6747 6096 4493 5842 2
18 698 6040 4409 4475 5822 2
19 738 4029 7077 6136 6012 1
20 769 6747 4387 4481 4039 2
21 801 6012 4375 4483 4019 2
22 831 5812 6747 4215 4277 1
23 877 6747 4213 6138 5660 2
24 915 4339 4425 4499 4009 2
25 959 4009 6747 4217 4283 1
26 994 7077 4197 4265 5812 2
27 1027 4331 4383 6146 4009 2
28 1065 5832 6747 6036 4315 1
29 1107 6747 6062 4307 5812 2
30 1154 4257 4349 4459 3989 2
31 1192 3989 6747 4217 4327 1
32 1240 7077 4171 6162 3999 2
33 1273 4301 4435 4521 4029 2
34 1319 3999 7077 4339 6036 1
35 1361 7077 5972 4263 5842 2
36 1392 4259 6062 4519 5842 2
37 1431 3989 7077 4517 4253 1
38 1478 6747 4239 4505 4049 2
39 1525 6044 4373 4449 5832 2
40 1575 4029 6747 6168 4333 1
41 1619 6747 5946 4497 5872 2
42 1652 6044 6086 4475 4019 2
43 1699 4029 6747 6160 4263 1
44 1741 6747 5966 6046 3637 2
45 1777 4293 4361 6144 5852 2
46 1815 4029 6747 4303 4329 1
47 1853 7077 6064 4337 5872 2
48 1901 4331 4363 4451 4029 2
49 1951 5812 7077 4493 4281 1
50 1995 7077 4237 4315 3637 2
51 2027 4327 4397 6564 5812 2
52 2057 3989 7077 6138 4337 1
53 2087 6747 4173 4529 5652 2
54 2127 4307 4405 4525 5852 2
55 2176 4009 6747 6044 6040 1
56 2216 6747 4379 4457 5652 2
57 2262 4279 6070 4455 4009 2
58 2292 4009 7077 4495 4313 1
59 2326 7077 6074 4303 3645 2
60 2361 4309 4425 6144 3989 2
61 2391 5812 6747 5974 4289 1
62 2423 6747 6088 6024 5872 2
63 2460 4293 6074 4503 5842 2
64 2491 5842 6747 6170 4293 1
65 2527 7077 4185 6026 5812 2
66 2576 4311 4405 4475 5852 2
67 2614 5822 6747 4211 4327 1
68 2658 7077 4363 4283 5832 2
69 2689 4333 6072 4485 5832 2
70 2723 4009 6747 4207 4265 1
71 2771 7077 4209 6134 4029 2
72 2811 4285 4405 4527 4029 2
73 2852 4019 6747 4497 6038 1
74 2894 6747 5944 4485 3999 2
75 2926 4341 6086 4445 4019 2
76 2959 4009 6747 4481 6020 1
77 2994 6747 4399 6012 4039 2
78 3028 4337 4373 4459 4009 2
79 3072 5812 7077 6566 6014 1
80 3110 7077 4185 4497 4019 2
81 3158 6026 6096 6170 4019 2
82 3197 5832 7077 4337 4327 1
83 3238 6747 4205 6020 3989 2
84 3287 4341 6064 4527 5822 2
85 3328 5812 7077 4219 4335 1
86 3359 6747 5964 4455 4039 2
87 3390 6012 4431 4483 3989 2
88 3425 5812 7077 5966 4291 1
89 3475 6747 5968 6026 3645 2
90 3516 6050 4421 4451 3999 2
91 3556 4009 7077 5972 4287 1
92 3592 6747 4385 4503 3989 2
93 3623 4333 4349 6156 5842 2
94 3662 4009 6747 4239 4279 1
95 3697 7077 4425 4529 4019 2
96 3747 6046 4399 6134 5812 2
97 3793 3999 6747 4239 4311 1
98 3838 6747 4379 4301 5822 2
99 3884 4301 4425 6566 5842 2
100 3934 4019 7077 4209 4305 1
101 3984 6747 4403 4287 5812 2
102 4025 4267 4429 6136 5852 2
103 4068 5832 6747 6136 6036 1
104 4112 7077 4193 4293 4019 2
105 4158 4253 4409 4455 5832 2
106 4192 5852 6747 5974 4311 1
107 4233 6747 4181 4455 3637 2
108 4278 4263 4353 4495 5822 2
109 4324 5822 6747 5970 6046 1
110 4361 6747 4159 6050 5652 2
111 4409 4259 6096 6134 5842 2
112 4452 4029 7077 4327 6050 1
113 4484 7077 4245 4291 3645 2
114 4528 6042 4355 4451 3999 2
115 4569 3989 6747 4313 4283 1
116 4602 7077 4355 4455 3629 2
117 4636 4257 4433 6144 5812 2
118 4682 5842 7077 4213 6014 1
119 4732 6747 4173 4341 4039 2
120 4764 4303 4351 4495 4029 2
121 4809 5842 6747 6046 4253 1
122 4859 7077 5954 4519 5652 2
123 4898 6046 4401 6170 5822 2
124 4938 4029 6747 5964 4315 1
125 4988 7077 4373 6036 5852 2
126 5026 6020 6068 6142 5832 2
127 5066 5812 6747 4233 4265 1
128 5107 6747 4183 4259 3989 2
129 5143 4255 6074 4523 5842 2
130 5189 4009 7077 4483 4335 1
131 5239 7077 4421 4331 5862 2
132 5288 4267 4433 4507 5852 2
133 5334 5832 7077 6132 4337 1
134 5369 7077 4435 6040 3999 2
135 5411 6016 4397 4507 5832 2
136 5457 5842 7077 4485 6020 1
137 5492 7077 4197 6036 5822 2
138 5535 4287 4379 6564 4009 2
139 5577 3989 6747 4213 4287 1
140 5622 7077 4193 6012 3629 2
141 5669 4301 4403 6166 5842 2
142 5714 4009 6747 4215 4253 1
143 5758 6747 4213 4501 5842 2
144 5806 4253 4425 6144 3999 2
145 5846 5852 7077 4485 6036 1
146 5876 6747 6084 6140 4049 2
147 5920 4331 6098 4507 3999 2
148 5965 4029 6747 4499 6012 1
149 6011 7077 4161 4447 5822 2
150 6053 4307 4385 6146 4029 2
151 6099 5822 6747 4507 4337 1
152 6142 6747 5968 4257 5832 2
153 6190 4325 4425 4449 5832 2
154 6233 4019 7077 4501 4313 1
155 6265 6747 4427 4305 4059 2
156 6309 4329 6066 6144 5832 2
157 6359 5852 7077 4217 4257 1
158 6397 7077 4431 4481 4029 2
159 6429 6014 4385 4445 5812 2
160 6475 3989 6747 6164 4303 1
161 6513 6747 5954 4279 5832 2
162 6562 6014 4383 6162 3999 2
163 6595 4009 6747 4521 6044 1
164 6629 6747 4165 4261 5832 2
165 6669 6042 4421 6168 5822 2
166 6699 4029 6747 4473 6020 1
167 6740 6747 5968 4309 4029 2
168 6787 4311 4389 6166 4019 2
169 6829 5812 7077 4243 4311 1
170 6865 7077 4349 4475 5812 2
171 6910 4329 6092 4501 4009 2
172 6951 3999 7077 6040 4279 1
173 6992 6747 4159 4327 4059 2
174 7037 6046 4373 4507 5852 2
175 7081 5842 7077 4213 6042 1
176 7126 7077 5978 4255 3999 2
177 7170 4305 4373 4499 5832 2
178 7203 4019 6747 4521 4259 1
179 7248 6747 5948 6156 3999 2
180 7284 4305 4425 4483 5822 2
181 7327 3999 7077 6134 6050 1
182 7376 6747 4181 4483 3629 2
183 7423 4311 4431 6168 4009 2
184 7462 5822 7077 6040 4255 1
185 7506 7077 5966 4293 5842 2
186 7550 4289 4389 6132 3999 2
187 7590 5812 6747 6138 4327 1
188 7635 7077 4245 6018 4049 2
189 7667 4265 4381 6132 4009 2
190 7702 4009 6747 6168 4307 1
191 7742 7077 4433 4255 5852 2
192 7776 4285 4385 6160 5822 2
193 7821 4029 6747 4455 4331 1
194 7866 7077 4165 6564 5812 2
195 7911 4259 6088 4481 3989 2
196 7947 5842 6747 4341 6038 1
197 7977 6747 4359 6038 3637 2
198 8012 6022 4399 4453 4029 2
199 8058 5832 7077 4341 6016 1
200 8091 7077 5946 6136 5652 2
201 8136 4279 4401 6132 4019 2
202 8173 5832 6747 4303 4261 1
203 8223 7077 6096 6156 4009 2
204 8254 6048 4397 4495 4019 2
205 8303 5832 6747 4485 6020 1
206 8353 6747 4235 6012 4009 2
207 8385 6026 4375 6162 4029 2
208 8426 4009 6747 6164 6038 1
209 8461 6747 5966 4457 5822 2
210 8503 4309 4361 4505 3989 2
211 8545 3989 6747 6162 6022 1
212 8580 7077 4187 6136 5660 2
213 8616 4281 4373 6166 4019 2
214 8648 5852 7077 5972 4311 1
215 8684 7077 4189 4519 5872 2
216 8732 4285 4379 4457 3999 2
217 8765 4019 6747 4453 4287 1
218 8812 6747 4217 6164 4049 2
219 8852 4255 4399 4499 5822 2
220 8899 4029 7077 4485 4329 1
221 8935 7077 6084 6146 5652 2
222 8970 4285 4399 6566 4029 2
223 9009 5832 7077 6566 4285 1
224 9043 6747 6096 4341 4029 2
225 9089 4311 4377 4455 5822 2
226 9130 4019 7077 4453 4283 1
227 9162 7077 4161 4301 4009 2
228 9199 4267 4385 4483 3989 2
229 9229 5852 6747 4477 6026 1
230 9276 6747 4163 6146 5842 2
231 9310 4263 4431 4517 5832 2
232 9340 5832 6747 4471 6016 1
233 9378 6747 4243 6132 4029 2
234 9419 4289 6072 6160 3989 2
235 9456 4029 6747 4209 4259 1
236 9500 6747 4381 4335 3637 2
237 9543 6014 4375 4507 5832 2
238 9575 5822 6747 6158 4289 1
239 9618 7077 4361 4483 5652 2
240 9651 4293 6098 4459 3999 2
241 9693 4029 6747 4495 6046 1
242 9728 6747 4197 6132 5822 2
243 9770 4293 4377 4497 3989 2
244 9803 4029 6747 4235 4331 1
245 9837 6747 4363 4505 4049 2
246 9880 4291 4433 6140 5832 2
247 9918 5832 7077 4213 4289 1
248 9968 6747 6066 4445 5660 2
249 10010 4285 4379 6170 5842 2
250 10047 4019 6747 4479 4327 1
251 10084 6747 6098 4261 4039 2
252 10125 4313 4385 6164 3999 2
253 10158 5822 7077 4233 6012 1
254 10207 7077 4229 6170 4019 2
255 10241 6040 4385 4523 3989 2
256 10272 5842 6747 6046 6018 1
257 10316 6747 4183 4485 5842 2
258 10349 4261 6070 6164 4019 2
259 10380 5852 7077 4301 4279 1
260 10413 7077 6064 4471 5852 2
261 10444 6042 4403 4457 5842 2
262 10478 4029 7077 4529 6018 1
263 10514 7077 4405 6170 5842 2
264 10554 4305 4411 6142 4019 2
265 10599 5832 7077 6038 4325 1
266 10629 6747 4401 4327 5872 2
267 10663 6042 6084 6162 4009 2
268 10707 3989 6747 6046 4277 1
269 10742 6747 5942 6132 4029 2
270 10780 6014 4379 4475 5842 2
271 10812 5842 7077 4315 4285 1
272 10842 7077 6090 4331 5842 2
273 10892 6026 4389 6144 3999 2
274 10939 5822 7077 4455 4341 1
275 10982 7077 4421 4333 3989 2
276 11026 6016 6070 6158 5832 2
277 11061 4029 6747 6564 6012 1
278 11105 6747 4167 4457 5832 2
279 11141 4307 4373 6168 4019 2
280 11182 4019 7077 4337 4307 1
281 11223 7077 5940 6020 4029 2
282 11254 6036 4377 6168 5812 2
283 11288 5832 7077 5968 6022 1
284 11325 7077 5978 4265 3989 2
285 11359 4339 4389 4521 5832 2
286 11392 5832 6747 4335 6016 1
287 11433 7077 4379 6020 5660 2
288 11479 4305 4389 6146 5822 2
289 11529 5842 6747 4241 4287 1
290 11567 6747 5978 6012 5660 2
291 11606 6040 4363 6166 3989 2
292 11640 5852 6747 6158 4335 1
293 11676 6747 4429 6020 5842 2
294 11723 4301 4425 4477 5832 2
295 11763 5832 6747 6132 4277 1
296 11808 7077 4399 6170 3999 2
297 11850 6038 4359 4471 5832 2
298 11890 4019 7077 6566 4261 1
299 11937 7077 4219 4475 5842 2
300 11978 4255 6098 4455 5852 2
301 12008 5812 7077 4335 4329 1
302 12054 7077 4213 4521 4019 2
303 12103 6040 6062 4455 5852 2
304 12152 4009 6747 4517 4309 1
305 12184 6747 4361 4449 4009 2
306 12221 4277 6096 6564 5812 2
307 12253 5812 6747 4327 6024 1
308 12294 7077 4403 4497 3637 2
309 12324 4339 6074 4529 3999 2
310 12369 4029 7077 4231 4341 1
311 12412 7077 6090 6022 3645 2
312 12450 6050 4377 4481 5852 2
313 12498 5812 6747 4445 6044 1
314 12534 6747 5948 4521 5812 2
315 12570 6012 4423 4477 5812 2
316 12604 5842 6747 4311 4333 1
317 12644 7077 4379 4337 4039 2
318 12683 4253 4349 4507 5812 2
319 12732 4009 6747 5974 6018 1
320 12778 7077 5944 4459 5822 2
321 12822 6038 6068 4481 3999 2
322 12852 5812 6747 6158 4287 1
323 12894 7077 4231 6014 4049 2
324 12931 4335 4375 4499 5842 2
325 12971 5842 6747 5978 4307 1
326 13015 7077 4399 4341 3999 2
327 13061 6026 6068 6166 5852 2
328 13105 4029 6747 6564 6024 1
329 13136 7077 6072 4483 4039 2
330 13185 6046 6068 4525 5852 2
331 13216 5852 6747 4455 6048 1
332 13246 7077 4185 6046 3999 2
333 13277 4327 4389 4457 3999 2
334 13324 5822 7077 4245 4263 1
335 13365 6747 5950 4313 5872 2
336 13407 4255 6088 4479 5842 2
337 13455 5832 7077 6158 4255 1
338 13498 6747 5948 6134 4019 2
339 13542 4335 4375 4495 5842 2
340 13586 5822 6747 4245 4315 1
341 13632 7077 4193 4473 4059 2
342 13670 4253 4399 4469 4009 2
343 13720 5832 6747 4331 4267 1
344 13770 6747 5976 4485 5852 2
345 13801 4307 4401 4453 5822 2
346 13851 3999 6747 6050 4277 1
347 13881 7077 4435 6136 3645 2
348 13916 6012 4357 4459 4009 2
349 13953 5812 7077 6134 6042 1
350 13995 7077 4191 6040 5842 2
351 14030 4281 6064 4469 5852 2
352 14064 5842 7077 4475 4329 1
353 14114 7077 6068 4333 3989 2
354 14159 6036 4363 6138 5852 2
355 14208 5852 6747 4517 6042 1
356 14252 7077 4409 4529 4009 2
357 14282 4257 4435 4471 5842 2
358 14331 3999 7077 6038 4261 1
359 14373 6747 4399 4451 3645 2
360 14419 4327 4437 4497 5852 2
361 14452 5822 6747 5968 4341 1
362 14498 7077 5966 4527 4009 2
363 14533 4259 4427 6170 5822 2
364 14572 4009 7077 4231 4333 1
365 14621 6747 4435 6156 4049 2
366 14656 4253 4397 4447 5832 2
367 14693 5812 6747 5974 4311 1
368 14740 6747 4407 6026 3989 2
369 14783 6040 6088 6140 4019 2
370 14824 3999 6747 4205 4327 1
371 14865 7077 4237 6134 3989 2
372 14909 4265 4357 4497 4019 2
373 14947 5812 7077 4447 4277 1
374 14996 6747 4397 6042 5822 2
375 15032 4329 4425 4449 3989 2
376 15078 5852 7077 5966 6014 1
377 15119 6747 5968 4507 5832 2
378 15154 6016 6092 4479 4009 2
379 15187 5812 7077 4517 6012 1
380 15222 6747 4209 6046 3637 2
381 15268 4313 4385 6140 4029 2
382 15307 5842 6747 6134 4303 1
383 15341 7077 4427 4341 4029 2
384 15387 4329 4423 4503 4029 2
385 15432 5832 6747 4205 6048 1
386 15472 6747 4387 6166 5660 2
387 15518 6048 4429 4517 5842 2
388 15558 5812 7077 4451 4261 1
389 15592 6747 4181 4503 3989 2
390 15633 4303 4397 4505 4029 2
391 15673 5842 6747 4471 4327 1
392 15717 6747 6068 6036 3629 2
393 15750 4283 4427 4493 3999 2
394 15784 3999 6747 4235 4267 1
395 15821 7077 4355 4255 4059 2
396 15859 6040 6064 6140 5842 2
397 15908 5822 7077 6140 4341 1
398 15954 6747 4191 6132 4059 2
399 16002 4309 4361 4453 5832 2
400 16036 5812 7077 4311 4279 1
401 16075 7077 4195 6014 5852 2
402 16111 6038 6094 4507 4009 2
403 16157 5852 6747 4521 6022 1
404 16193 7077 4379 6166 5822 2
405 16229 4325 4427 6142 4019 2
406 16261 5852 7077 4451 6046 1
407 16309 7077 4351 6136 4039 2
408 16351 4285 4397 6160 5812 2
409 16388 5822 6747 4451 4287 1
410 16434 6747 6070 4339 4019 2
411 16482 4335 6092 4473 5812 2
412 16525 4029 6747 4479 4335 1
413 16565 6747 6074 4523 5872 2
414 16595 4315 4427 4471 4019 2
415 16634 4009 7077 4505 4305 1
416 16665 6747 4379 6166 3637 2
417 16695 4285 4385 4445 4029 2
418 16734 5812 7077 6564 6020 1
419 16779 7077 4161 4477 5852 2
420 16829 6018 4375 4523 5852 2
421 16861 5832 6747 4445 4327 1
422 16902 6747 4381 4291 5862 2
423 16947 6018 4355 4517 3999 2
424 16989 3989 7077 4209 4255 1
425 17020 7077 4193 4529 5872 2
426 17054 4337 4381 4521 3989 2
427 17089 3999 6747 4455 4335 1
428 17119 6747 4209 4339 3637 2
429 17157 4261 4433 6132 5852 2
430 17188 3989 7077 4457 4255 1
431 17232 6747 6086 6156 4039 2
432 17280 4279 6086 6160 4009 2
433 17313 5822 7077 4527 4253 1
434 17349 7077 4353 4453 5862 2
435 17381 6040 4373 4497 3999 2
436 17422 3989 7077 4213 6042 1
437 17457 6747 4427 4313 5832 2
438 17493 4259 4351 4521 5842 2
439 17523 4019 6747 4307 4253 1
440 17563 7077 6084 6132 5822 2
441 17605 4259 6062 6566 5832 2
442 17641 4029 7077 4525 4305 1
443 17679 6747 4187 6036 3629 2
444 17722 4341 6060 6134 4019 2
445 17771 3999 6747 4479 6016 1
446 17810 6747 4205 4479 5652 2
447 17860 6040 6084 6138 4029 2
448 17900 5832 7077 4473 4267 1
449 17946 7077 6098 4279 3645 2
450 17984 4307 6074 4481 3989 2
451 18026 5842 7077 4457 4285 1
452 18063 7077 6070 6042 4059 2
453 18109 4257 4399 6168 5822 2
454 18157 5842 7077 4525 4341 1
455 18193 6747 4173 6136 5852 2
456 18233 6044 4399 6146 4019 2
457 18272 4009 6747 4307 4309 1
458 18317 6747 4409 6024 5652 2
459 18360 6040 4381 4499 5822 2
460 18400 5842 6747 6042 6044 1
461 18432 7077 6096 6038 5652 2
462 18471 4301 6070 4453 4009 2
463 18514 4019 6747 4341 4333 1
464 18544 6747 4173 6564 4039 2
465 18574 4333 6074 4481 4019 2
466 18614 5852 7077 4337 6040 1
467 18657 6747 6098 4283 5660 2
468 18699 6016 4409 4527 5812 2
469 18740 3989 7077 4519 4337 1
470 18779 7077 5950 6168 5862 2
471 18816 6046 4433 4485 5842 2
472 18847 5822 7077 4445 6014 1
473 18890 7077 4421 4479 3629 2
474 18926 4329 4421 4477 3999 2
475 18962 4009 6747 6564 6050 1
476 18999 7077 5964 6564 5852 2
477 19044 4277 4361 4483 4019 2
478 19074 5812 7077 4477 4301 1
479 19109 7077 5974 4527 3645 2
480 19141 4257 4355 4519 5852 2
481 19173 5812 6747 4475 6038 1
482 19217 6747 4403 4261 5842 2
483 19260 6026 4385 4481 4019 2
484 19291 4009 7077 4529 6046 1
485 19337 7077 6066 4263 4059 2
486 19373 4279 6092 4457 5852 2
487 19423 4019 7077 4505 4313 1
488 19457 6747 6096 4279 3645 2
489 19493 4289 4431 4449 4019 2
490 19527 5832 7077 4475 6012 1
491 19568 7077 4159 4329 3629 2
492 19618 6042 4431 4499 5812 2
493 19649 4019 7077 6166 4303 1
494 19686 6747 4351 4503 4049 2
495 19722 6018 6098 6162 5832 2
496 19762 5832 6747 5976 6020 1
497 19810 6747 4349 4339 3637 2
498 19843 4257 4349 6136 5842 2
499 19879 5852 7077 4239 6012 1
500 19926 6747 4217 4493 4039 2
501 19965 6040 4409 6164 5822 2
502 20013 4029 7077 4303 4331 1
503 20051 6747 5946 4255 3645 2
504 20084 6016 6072 4493 4009 2
505 20128 5822 7077 6170 4311 1
506 20166 6747 4381 6142 3637 2
507 20210 4331 6088 4473 4009 2
508 20252 5852 6747 4457 4265 1
509 20289 7077 4383 4453 4059 2
510 20327 4259 6072 6138 5832 2
511 20375 5832 7077 6158 4261 1
512 20425 6747 4405 4341 4009 2
513 20471 6036 4411 4521 5842 2
514 20509 3999 7077 4315 4291 1
515 20554 6747 4181 6162 5812 2
516 20584 4285 4423 4481 4029 2
517 20634 5812 6747 4459 4289 1
518 20672 6747 6096 6136 5652 2
519 20713 4339 6062 4457 5832 2
520 20745 3999 6747 4239 4333 1
521 20789 7077 4213 4283 5822 2
522 20827 4287 4403 4453 5852 2
523 20864 5822 6747 4479 4339 1
524 20894 7077 4405 4311 4049 2
525 20944 4339 4421 4525 4029 2
526 20991 5842 7077 4493 4265 1
527 21026 6747 5968 4459 5652 2
528 21060 4291 4409 6166 5812 2
529 21110 5852 6747 4331 4261 1
530 21152 6747 5968 6166 4009 2
531 21197 6022 4361 6160 5822 2
532 21236 5822 6747 6158 4285 1
533 21278 7077 4195 4325 5812 2
534 21324 4335 4431 4501 5852 2
535 21358 4009 7077 4507 4261 1
536 21405 6747 4169 6018 4009 2
537 21450 4257 6060 4499 5842 2
538 21486 4019 7077 4235 4267 1
539 21534 7077 4373 4469 5660 2
540 21582 4267 4357 4499 4019 2
541 21620 3999 7077 6158 4277 1
542 21653 6747 4205 4277 4009 2
543 21688 4341 6070 4507 4009 2
544 21729 4029 6747 6158 6040 1
545 21778 7077 6064 6036 3645 2
546 21823 4287 4403 6170 4019 2
547 21868 5832 6747 5964 4279 1
548 21906 6747 4169 4307 5832 2
549 21952 6024 4401 6564 5852 2
550 21992 5822 7077 6048 4335 1
551 22039 6747 4373 4293 4049 2
552 22076 4285 4363 4523 5812 2
553 22108 3989 7077 6050 4303 1
554 22150 6747 4421 6050 5812 2
555 22194 6044 4403 4481 4019 2
556 22228 5822 7077 4475 4255 1
557 22265 6747 4195 6156 4039 2
558 22296 4331 4381 4481 3999 2
559 22338 5842 7077 4333 6026 1
560 22377 7077 4351 4459 3637 2
561 22416 6020 4359 4521 5812 2
562 22448 4009 7077 4499 4331 1
563 22482 6747 5972 4451 4009 2
564 22513 6046 6074 4501 4009 2
565 22551 5842 7077 4303 6050 1
566 22587 6747 4399 4293 3637 2
567 22626 4265 4411 6162 5822 2
568 22665 5822 7077 4469 6036 1
569 22704 6747 6088 4451 4029 2
570 22735 4325 4375 4471 4019 2
571 22782 5842 6747 6566 4257 1
572 22819 6747 4379 6048 5832 2
573 22859 4287 6070 4523 4029 2
574 22908 4009 7077 4451 4263 1
575 22952 7077 4377 4337 3645 2
576 23000 6038 4431 6164 3999 2
577 23034 5832 7077 4333 4287 1
578 23065 6747 4427 4287 4029 2
579 23106 4265 4433 6140 3999 2
580 23136 3999 7077 6048 6042 1
581 23175 7077 5940 6026 5652 2
582 23214 6046 4421 4499 4029 2
583 23244 3999 6747 4245 4335 1
584 23290 7077 4207 4315 5832 2
585 23326 6014 4411 4527 3999 2
586 23356 3999 7077 4483 4285 1
587 23402 6747 4191 4253 5822 2
588 23446 6026 4363 6168 5832 2
589 23494 4019 7077 4229 4335 1
590 23528 7077 4409 4307 5822 2
591 23563 4301 6098 4523 5842 2
592 23595 4019 6747 4335 4303 1
593 23640 6747 4171 4339 4029 2
594 23680 4327 6060 6168 5812 2
595 23718 5842 7077 4525 4283 1
596 23753 7077 6088 6564 4049 2
597 23787 4257 4381 4517 4029 2
598 23836 5842 7077 6160 4331 1
599 23880 6747 4159 4315 5832 2
600 23916 6038 6062 4499 4029 2
601 23962 4029 6747 4507 4279 1
602 23992 6747 5954 6166 4029 2
603 24029 4305 6066 6140 5822 2
604 24076 5812 7077 4529 4255 1
605 24124 7077 6070 6026 4029 2
606 24163 6022 6088 6160 4009 2
607 24210 3989 7077 4471 4333 1
608 24249 6747 4171 6132 3637 2
609 24293 4259 4355 6134 3989 2
610 24340 5852 7077 4213 4261 1
611 24379 6747 4411 4525 4049 2
612 24426 4301 6098 6564 5812 2
613 24457 3999 7077 4233 4287 1
614 24502 7077 4185 4311 5822 2
615 24547 6016 4385 4485 5852 2
616 24577 5812 6747 6146 6042 1
617 24607 6747 4185 6042 5822 2
618 24656 4301 4433 4523 4009 2
619 24704 4029 6747 5976 6048 1
620 24734 6747 4209 4457 4039 2
621 24768 6044 6060 4477 5812 2
622 24804 3989 6747 4205 4293 1
623 24835 7077 4209 4457 3989 2
624 24882 6026 4353 4473 5842 2
625 24917 3989 7077 4337 6020 1
626 24947 6747 5978 4301 5872 2
627 24983 4253 4385 4503 4019 2
628 25028 4009 7077 4339 4279 1
629 25072 6747 4237 4281 5832 2
630 25121 4301 6074 6158 5832 2
631 25153 3999 7077 4209 4261 1
632 25196 7077 4187 4473 3645 2
633 25234 4333 4433 4455 5832 2
634 25280 5832 6747 4207 4305 1
635 25317 6747 4181 4451 4049 2
636 25354 6024 4429 6566 5852 2
637 25395 3989 7077 4339 4293 1
638 25428 7077 6070 4305 5872 2
639 25470 6038 4399 6140 5822 2
640 25519 5822 6747 6042 6018 1
641 25564 7077 6096 4259 5660 2
642 25600 4253 4383 6156 4009 2
643 25645 4009 6747 6042 6022 1
644 25680 6747 4357 4445 3989 2
645 25714 6018 4403 4517 4019 2
646 25755 5852 6747 6146 4261 1
647 25791 7077 4351 4451 5872 2
648 25827 4337 4353 4497 5852 2
649 25876 5822 7077 4237 6016 1
650 25919 6747 4161 4447 5842 2
651 25965 6016 6084 4499 4009 2
652 26009 5812 6747 4339 4327 1
653 26054 6747 4213 4329 5842 2
654 26093 6050 4409 4481 5832 2
655 26138 4009 7077 5970 6016 1
656 26173 6747 6074 4449 4009 2
657 26204 4311 4389 6170 5852 2
658 26237 4009 7077 5978 4303 1
659 26285 6747 5976 4339 5812 2
660 26324 6022 4397 4481 5842 2
661 26354 4029 6747 6132 4315 1
662 26399 7077 4357 4495 4049 2
663 26430 4265 4359 4529 4019 2
664 26473 5812 7077 4243 6040 1
665 26517 6747 4359 4261 4049 2
666 26554 4325 4429 4471 3999 2
667 26602 3999 6747 6140 6014 1
668 26638 6747 5972 4471 3637 2
669 26674 4253 6074 4447 4009 2
670 26721 5842 7077 4471 6046 1
671 26759 6747 4231 6018 5652 2
672 26794 4289 4363 4477 5832 2
673 26829 3999 6747 4305 4325 1
674 26876 7077 4373 4473 5812 2
675 26922 4279 4429 4505 3999 2
676 26954 5852 7077 4503 4289 1
677 26995 6747 4215 4481 4039 2
678 27044 4327 6062 4449 5832 2
679 27074 3989 7077 4211 6016 1
680 27110 6747 5940 6044 3637 2
681 27149 6018 4409 4527 5842 2
682 27198 3989 6747 4219 4305 1
683 27236 7077 4399 4483 4039 2
684 27284 4313 6066 6162 5832 2
685 27328 5842 6747 6046 4289 1
686 27362 7077 4357 6040 4009 2
687 27407 4277 6092 6138 5842 2
688 27448 4019 7077 4325 4327 1
689 27484 6747 5970 6156 3645 2
690 27519 4307 4349 6156 4009 2
691 27552 3999 6747 4233 4309 1
692 27586 6747 4161 4505 3629 2
693 27623 6024 4425 4493 3989 2
694 27664 4009 7077 5966 4253 1
695 27704 6747 4351 4265 5812 2
696 27748 4279 6090 4529 4029 2
697 27792 5822 6747 4313 6014 1
698 27841 7077 4361 6012 3989 2
699 27880 6036 4387 6144 5852 2
700 27922 4019 7077 4209 4335 1
701 27963 7077 4379 4485 5852 2
702 28003 4335 4433 4483 5852 2
703 28034 4019 6747 4447 4331 1
704 28080 6747 6096 4259 5812 2
705 28127 4289 4405 6158 3989 2
706 28171 5842 7077 6136 4329 1
707 28206 6747 4355 4279 4029 2
708 28250 4261 6096 4495 4019 2
709 28291 4019 7077 4471 4263 1
710 28321 7077 4241 4329 3637 2
711 28351 4289 4399 6132 5822 2
712 28385 5832 6747 4211 4279 1
713 28423 7077 4425 4445 3989 2
714 28471 4313 6098 4485 5822 2
715 28512 4029 7077 4241 4303 1
716 28562 7077 5944 4277 5832 2
717 28601 4307 6086 4453 4029 2
718 28638 5832 7077 4207 4341 1
719 28679 7077 6060 6036 4009 2
720 28728 6024 4381 6164 5812 2
721 28768 4029 7077 6162 4259 1
722 28817 6747 5966 4457 5862 2
723 28855 4327 4353 4485 4019 2
724 28905 3999 6747 5970 6026 1
725 28955 6747 4389 4501 5652 2
726 28999 4325 6084 4481 4029 2
727 29041 5832 7077 4333 6016 1
728 29089 7077 5950 6132 3989 2
729 29125 4341 4375 4477 5812 2
730 29175 3999 7077 4517 4339 1
731 29222 7077 4245 6140 3645 2
732 29267 6040 4373 4479 5812 2
733 29297 3989 6747 4527 6016 1
734 29342 7077 4163 6044 4039 2
735 29385 6050 4389 4483 5832 2
736 29421 4019 6747 4305 6016 1
737 29454 6747 5976 6142 5852 2
738 29504 4265 4351 6138 5842 2
739 29538 5822 7077 6166 4261 1
740 29576 6747 6086 4495 3999 2
741 29610 4333 6084 4505 3999 2
742 29657 5832 6747 4219 6024 1
743 29702 6747 5942 4261 4039 2
744 29752 6036 4409 6166 4009 2
745 29802 5812 6747 5964 4313 1
746 29846 7077 5978 4289 5872 2
747 29894 4257 6060 4501 4019 2
748 29925 5832 6747 6146 6046 1
749 29966 6747 5978 4335 5832 2
750 30003 4277 4353 6136 5842 2
751 30044 5832 6747 4503 4339 1
752 30082 6747 4219 4517 3989 2
753 30114 4253 4385 4457 5822 2
754 30163 5852 7077 4445 4263 1
755 30212 7077 4355 4485 5872 2
756 30248 4329 6096 4525 4029 2
757 30297 5812 6747 5964 4313 1
758 30331 7077 6066 6014 5852 2
759 30379 4325 6066 6160 4019 2
760 30409 5812 7077 6144 6020 1
761 30443 7077 5950 4325 4009 2
762 30485 4265 6090 4453 5842 2
763 30525 4029 6747 4315 4253 1
764 30555 7077 4357 4287 4009 2
765 30585 6042 4409 4457 3999 2
766 30630 5822 7077 6036 4313 1
767 30668 6747 4207 4303 4019 2
768 30713 4289 6074 4481 5852 2
769 30751 5822 7077 5966 4277 1
770 30791 6747 4167 6020 3637 2
771 30835 6016 4401 6132 5812 2
772 30871 4019 6747 6166 4267 1
773 30913 6747 4425 4329 5812 2
774 30949 4327 6092 4455 3999 2
775 30983 5822 6747 4239 4277 1
776 31031 6747 4205 4523 3629 2
777 31079 4289 4387 4501 4019 2
778 31109 4009 7077 4315 6046 1
779 31152 7077 4389 4291 5842 2
780 31188 4335 4385 4451 5842 2
781 31221 5852 6747 4495 4289 1
782 31256 7077 6090 4507 3637 2
783 31300 4283 4399 6162 3999 2
784 31331 5812 7077 6142 6040 1
785 31371 6747 6094 6020 5862 2
786 31406 4289 4427 6132 5832 2
787 31441 5852 6747 4485 4281 1
788 31479 7077 6074 6158 3637 2
789 31511 6048 4399 4479 5822 2
790 31558 4029 6747 6132 6036 1
791 31592 6747 4197 4311 5660 2
792 31628 6036 4381 6162 5812 2
793 31676 5852 6747 4333 4281 1
794 31713 7077 4381 4499 4039 2
795 31763 6044 4429 4485 5832 2
796 31803 3999 6747 4327 4313 1
797 31836 7077 6094 4517 4009 2
798 31877 6044 4349 6168 3999 2
799 31925 4029 7077 4453 4259 1
800 31973 6747 4217 4523 4029 2
801 32019 6046 4373 6146 3999 2
802 32050 3999 6747 4497 6042 1
803 32081 7077 6072 4481 5832 2
804 32131 4309 4425 4483 4019 2
805 32169 4029 7077 4339 4287 1
806 32215 6747 6084 6156 3629 2
807 32254 4329 4363 6566 3999 2
808 32299 5832 6747 4207 4331 1
809 32340 6747 4353 4471 3629 2
810 32371 6022 4433 4525 5812 2
811 32414 5832 6747 5966 4309 1
812 32452 6747 4219 4525 3645 2
813 32492 4277 4407 6168 5832 2
814 32538 3989 6747 6170 4339 1
815 32575 6747 5968 4475 4029 2
816 32615 6012 6088 6140 3989 2
817 32651 3989 7077 4519 4259 1
818 32694 7077 4239 4447 3645 2
819 32741 4315 4433 6138 4019 2
820 32790 5812 7077 4475 6012 1
821 32836 6747 4169 4341 4049 2
822 32883 6024 4399 4479 4009 2
823 32922 5842 7077 6170 4283 1
824 32955 6747 4363 6012 5660 2
825 32994 4315 6090 4501 5832 2
826 33031 5812 7077 4451 4279 1
827 33072 6747 4231 6566 4019 2
828 33107 4283 4397 4453 5842 2
829 33157 5852 7077 4451 4331 1
830 33197 6747 6070 4479 5652 2
831 33231 4253 6072 4483 3999 2
832 33263 4029 7077 6042 4261 1
833 33304 6747 5954 6026 4039 2
834 33348 4253 4403 4507 3989 2
835 33379 3989 7077 4237 4315 1
836 33414 7077 6092 4457 5822 2
837 33454 4279 6066 6168 3989 2
838 33489 3999 6747 6164 4289 1
839 33537 6747 4205 4309 5852 2
840 33583 4257 4427 4483 4029 2
841 33631 5852 6747 6136 4263 1
842 33673 6747 4409 6036 4009 2
843 33715 4293 4433 4447 5812 2
844 33747 3989 7077 5978 6016 1
845 33787 7077 4409 4305 5852 2
846 33824 6044 4435 4477 5822 2
847 33873 4009 7077 4527 4253 1
848 33906 6747 4243 4449 3989 2
849 33943 4339 4363 6142 5852 2
850 33993 4019 6747 4525 4315 1
851 34039 7077 6086 6018 3637 2
852 34089 4267 4397 6166 3999 2
853 34127 5852 7077 5968 4333 1
854 34162 6747 6074 6162 4029 2
855 34208 4263 4431 6162 4029 2
856 34246 5852 7077 6042 4261 1
857 34293 7077 4189 4459 4029 2
858 34327 6038 4427 6168 4019 2
859 34360 3999 6747 6164 4331 1
860 34403 7077 6086 4455 4009 2
861 34447 4281 4407 4483 5852 2
862 34481 5822 7077 4325 4265 1
863 34519 6747 4191 6170 4059 2
864 34558 4331 4421 4475 4029 2
865 34588 5842 7077 6166 4259 1
866 34634 7077 4243 4331 3645 2
867 34664 4303 6066 4521 3999 2
868 34705 5832 6747 4447 6024 1
869 34736 6747 4169 4501 5872 2
870 34783 6050 4351 4453 5822 2
871 34821 5832 6747 6040 4301 1
872 34860 7077 6062 4483 5652 2
873 34908 4289 4409 4521 5842 2
874 34958 5832 6747 4483 4283 1
875 34992 7077 5954 4469 4019 2
876 35023 4341 6064 6142 5812 2
877 35073 4019 7077 6044 6044 1
878 35122 7077 4165 4449 3645 2
879 35169 4293 4403 4451 5812 2
880 35202 4029 7077 4207 6018 1
881 35232 7077 4189 4311 3637 2
882 35267 6042 4435 4447 3999 2
883 35313 4019 7077 4499 4331 1
884 35358 6747 4191 4471 4029 2
885 35402 4283 4381 4527 5822 2
886 35451 3989 6747 6134 4253 1
887 35495 6747 4167 4457 4009 2
888 35526 6048 6068 4475 5842 2
889 35558 5842 6747 5972 6042 1
890 35603 7077 4407 4287 5652 2
891 35645 6012 4387 6142 5842 2
892 35695 4009 6747 4329 4265 1
893 35731 7077 4363 4259 4029 2
894 35761 4265 6070 6162 3989 2
895 35792 5842 7077 4455 4285 1
896 35842 6747 5978 4451 3637 2
897 35886 4329 6086 4501 5832 2
898 35932 5842 6747 4341 4341 1
899 35980 7077 4213 4505 4059 2
900 36027 4331 6098 6132 5812 2
