1 24 3989 6747 4327 4279 1
2 53 6747 4187 6564 5832 2
3 89 4305 4389 4493 4009 2
4 129 3989 7077 4215 6038 1
5 168 6747 4217 4287 5812 2
6 196 4339 4425 4523 5842 2
7 236 4029 6747 6160 6038 1
8 265 6747 4185 6024 5660 2
9 296 6046 6096 4523 5832 2
10 318 5842 6747 4519 4313 1
11 345 7077 6074 6036 4029 2
12 370 6038 4377 4475 4029 2
13 393 4029 7077 4305 4329 1
14 431 7077 4205 4281 3645 2
15 470 4303 4387 4449 4029 2
16 497 5842 7077 4493 6020 1
17 522 6747 4387 4485 5852 2
18 561 4285 4425 4505 4019 2
19 581 5852 6747 4503 4325 1
20 601 7077 6090 6042 5842 2
21 623 4311 4351 4455 5812 2
22 644 4029 7077 6156 4301 1
23 666 6747 5976 4283 5852 2
24 699 4325 4405 6160 4009 2
25 726 5822 7077 4331 4329 1
26 758 7077 4189 4267 5822 2
27 797 4337 6086 6140 5812 2
28 825 5852 7077 6036 4281 1
29 857 7077 5952 6564 5812 2
30 879 6020 4349 6134 5852 2
31 910 5832 7077 4521 4337 1
32 933 7077 4363 4265 5852 2
33 954 6016 4427 4449 4019 2
34 987 3989 7077 4305 6044 1
35 1023 6747 4431 4325 5872 2
36 1058 4301 4353 4503 3989 2
37 1093 5832 6747 4501 4267 1
38 1122 6747 4399 4315 3645 2
39 1153 6016 4355 6156 5812 2
40 1193 3989 6747 4473 4303 1
41 1225 6747 4237 4529 3629 2
42 1249 4291 4361 6140 4019 2
43 1273 5812 7077 4205 4281 1
44 1303 6747 4411 6024 5660 2
45 1326 4307 4423 4503 4019 2
46 1357 5822 7077 6158 4303 1
47 1380 7077 4219 4503 5652 2
48 1405 4305 6070 4445 3989 2
49 1434 5832 6747 4453 4259 1
50 1470 7077 4401 4499 5842 2
51 1500 4341 4407 6146 5842 2
52 1520 3999 7077 4207 4309 1
53 1556 7077 4213 6042 4009 2
54 1588 4309 4425 4481 4009 2
55 1620 4029 7077 4517 4283 1
56 1656 7077 4215 6166 5862 2
57 1694 6046 6074 6564 4019 2
58 1715 5832 6747 4335 6044 1
59 1735 6747 4405 4285 5822 2
60 1774 4307 4423 6166 5832 2
61 1796 5822 6747 4233 4341 1
62 1833 7077 5942 6140 4059 2
63 1872 4301 4389 4525 5852 2
64 1894 5812 6747 4495 4279 1
65 1920 6747 4381 6140 3629 2
66 1951 6018 4403 6156 5832 2
67 1987 5842 6747 5978 4327 1
68 2016 7077 4361 4517 5660 2
69 2052 4289 4409 6164 4029 2
70 2085 4029 6747 4235 4335 1
71 2108 7077 4351 4477 5822 2
72 2134 4339 4377 4453 4019 2
73 2172 5842 6747 4475 4265 1
74 2205 7077 4373 4445 4049 2
75 2235 6018 4349 6144 5822 2
76 2263 4009 7077 6134 6026 1
77 2286 7077 4421 6042 5852 2
78 2324 6046 4421 4481 5842 2
79 2360 5852 6747 4207 4263 1
80 2388 6747 4209 6046 3989 2
81 2420 4335 4349 6140 4029 2
82 2444 5852 7077 6044 4305 1
83 2480 7077 4421 4501 4009 2
84 2520 6050 4405 4519 4019 2
85 2544 5812 7077 4333 6026 1
86 2581 6747 4189 4259 5842 2
87 2607 6042 6092 4481 4019 2
88 2631 5812 7077 4495 6026 1
89 2664 7077 4433 6016 5812 2
90 2700 6014 6096 4479 3999 2
91 2724 5812 7077 4243 6042 1
92 2755 7077 4437 4335 5872 2
93 2786 4261 4357 4517 4009 2
94 2816 5852 6747 6162 4285 1
95 2851 6747 4435 4517 5852 2
96 2885 4313 6068 4525 5832 2
97 2905 4019 6747 4459 6050 1
98 2934 7077 6092 6158 4049 2
99 2962 4279 4405 4499 5842 2
100 2994 5812 7077 4517 4305 1
101 3026 7077 6086 4507 4049 2
102 3051 6020 4425 4455 3999 2
103 3084 5822 7077 6144 4285 1
104 3111 6747 4387 4313 3637 2
105 3145 4337 6072 4519 3999 2
106 3173 5822 7077 6146 4263 1
107 3200 7077 6084 4449 5872 2
108 3231 6022 4361 4477 3999 2
109 3271 3989 7077 4483 4279 1
110 3298 7077 5964 6016 5652 2
111 3325 4259 6070 6162 4009 2
112 3356 5822 7077 6132 6016 1
113 3390 7077 6072 6018 5842 2
114 3417 6038 4357 4507 5832 2
115 3444 3989 6747 4455 4257 1
116 3473 6747 5954 4501 5852 2
117 3498 4263 4353 6160 4019 2
118 3522 5822 7077 4301 4313 1
119 3556 6747 4219 4259 3989 2
120 3576 4341 4357 4455 5842 2
121 3604 5852 6747 4473 6038 1
122 3630 7077 4187 6138 4049 2
123 3655 4285 4377 6156 5852 2
124 3689 4019 6747 4231 4305 1
125 3728 7077 4423 4265 4059 2
126 3757 6046 4435 4505 5822 2
127 3797 5852 7077 4469 6014 1
128 3817 6747 4431 6162 5862 2
129 3850 6024 4435 4471 5822 2
130 3875 4029 7077 4307 4337 1
131 3907 7077 4433 4483 3637 2
132 3927 4341 4355 4477 5852 2
133 3947 4009 6747 4239 6012 1
134 3977 7077 5942 6158 4029 2
135 4003 4277 4425 6134 5812 2
136 4041 3999 7077 4501 4333 1
137 4067 6747 4409 6138 5660 2
138 4100 4329 4389 4529 3989 2
139 4128 5852 6747 4493 4307 1
140 4162 6747 4403 6136 3645 2
141 4187 4277 4423 4497 5842 2
142 4222 5832 7077 4493 4293 1
143 4253 6747 5940 6156 5842 2
144 4277 4255 4379 4525 5842 2
145 4305 5822 7077 6566 4303 1
146 4340 7077 4383 4473 4009 2
147 4360 4315 6098 4485 3989 2
148 4389 4029 6747 6140 4307 1
149 4425 7077 4235 4337 4039 2
150 4464 4341 6072 4505 5822 2
151 4494 4009 6747 4479 4267 1
152 4522 6747 4433 4447 3629 2
153 4554 4329 4435 6156 5842 2
154 4582 4029 7077 4309 6022 1
155 4602 6747 4387 4257 4019 2
156 4640 4267 4383 4507 5852 2
157 4677 5832 7077 6166 4315 1
158 4710 7077 5942 4327 4029 2
159 4749 4313 4363 4475 5812 2
160 4782 4009 7077 4523 4265 1
161 4818 7077 4403 4469 5852 2
162 4854 4331 6060 4453 5852 2
163 4875 4029 7077 6158 4281 1
164 4913 6747 5974 6156 3989 2
165 4935 4333 6064 4469 3999 2
166 4964 5812 6747 6160 6044 1
167 5000 6747 4435 4449 5872 2
168 5030 6014 6064 4505 5832 2
169 5053 5842 6747 4473 6022 1
170 5083 6747 4241 4475 5832 2
171 5103 6012 4401 6164 5832 2
172 5133 3999 7077 4481 6044 1
173 5165 6747 4213 4469 4009 2
174 5187 4325 4377 6170 4019 2
175 5215 4009 6747 4479 4333 1
176 5249 7077 4213 6566 5812 2
177 5280 4287 4389 4445 4009 2
178 5312 3989 7077 4527 4283 1
179 5343 7077 4427 4483 4039 2
180 5367 4283 6060 4493 5832 2
181 5388 5852 6747 5964 6026 1
182 5427 7077 4191 4279 4049 2
183 5453 6048 4355 6138 5812 2
184 5485 4009 6747 6040 6040 1
185 5508 7077 5950 4457 3645 2
186 5544 6020 4379 4505 5852 2
187 5575 4009 7077 4455 4305 1
188 5602 7077 6098 4471 5852 2
189 5639 4261 4435 6134 3999 2
190 5670 4009 7077 4477 4327 1
191 5702 7077 5970 4259 4059 2
192 5738 4309 6066 6170 5832 2
193 5775 5812 6747 4495 6044 1
194 5808 6747 4173 4455 5660 2
195 5846 4281 4425 6166 3999 2
196 5885 5812 7077 4331 6020 1
197 5905 7077 6096 6038 5660 2
198 5942 4301 4411 6134 3999 2
199 5972 4019 6747 4331 4337 1
200 5997 7077 4353 4265 4029 2
201 6023 4341 4355 6164 5842 2
202 6052 4029 7077 4335 4333 1
203 6091 6747 4159 6036 4029 2
204 6131 4263 4383 6166 5812 2
205 6160 3999 7077 4477 6020 1
206 6191 6747 5964 4525 5862 2
207 6215 4341 6062 4459 3989 2
208 6239 5832 6747 4207 6026 1
209 6277 7077 4207 4501 3629 2
210 6315 4313 4397 4479 3999 2
211 6354 4029 6747 6134 4311 1
212 6377 6747 4363 4525 4029 2
213 6414 4277 4433 4517 4029 2
214 6438 4009 6747 4499 4307 1
215 6474 7077 5976 6020 5812 2
216 6494 4277 4383 4485 4009 2
217 6533 4019 6747 4237 6038 1
218 6569 7077 4399 6042 4059 2
219 6602 4293 4361 4497 5832 2
220 6629 5822 6747 4303 4335 1
221 6656 6747 5966 6024 5832 2
222 6678 4253 4409 4475 4009 2
223 6714 5832 7077 6156 4301 1
224 6748 7077 4353 4445 5822 2
225 6783 6038 4387 4507 5812 2
226 6809 3999 7077 4311 6044 1
227 6834 7077 6072 4485 5852 2
228 6861 4265 4353 4473 3999 2
229 6895 5852 6747 6042 4287 1
230 6932 7077 4165 4445 4029 2
231 6955 4335 6060 4493 4009 2
232 6995 4029 6747 5974 4311 1
233 7031 6747 4387 6564 5652 2
234 7065 4281 4401 6158 5842 2
235 7099 5822 6747 6166 4253 1
236 7123 7077 4403 4279 5812 2
237 7149 6046 6064 6146 3989 2
238 7175 5812 6747 4507 4293 1
239 7202 6747 4213 4335 5862 2
240 7226 4265 4349 4477 5832 2
241 7255 3999 7077 6146 4279 1
242 7292 7077 4191 4337 4049 2
243 7320 4301 6086 4507 4029 2
244 7343 5822 7077 4243 4293 1
245 7382 7077 6062 4307 5822 2
246 7403 4253 4409 4503 3999 2
247 7438 3999 6747 5978 4313 1
248 7459 7077 5974 6138 3989 2
249 7479 6046 6094 4481 5852 2
250 7501 5812 6747 4301 6024 1
251 7530 6747 4213 4523 4059 2
252 7554 6042 4379 6566 5852 2
253 7578 5832 6747 4523 4265 1
254 7614 7077 4163 4265 5660 2
255 7651 6036 4385 4449 4029 2
256 7686 4019 6747 4479 4339 1
257 7711 6747 4397 4339 5842 2
258 7733 4307 6094 4479 4019 2
259 7757 5812 6747 4477 6026 1
260 7782 6747 4381 6166 3645 2
261 7808 4291 6068 4517 3989 2
262 7832 5842 6747 4473 4287 1
263 7859 6747 5966 4333 4019 2
264 7880 6024 4435 6134 5832 2
265 7914 5812 7077 4451 6018 1
266 7948 6747 4163 6012 3629 2
267 7980 4311 4423 6566 4009 2
268 8001 5852 6747 4469 4293 1
269 8026 6747 6084 4481 3645 2
270 8051 6046 4437 4453 5852 2
271 8079 4019 7077 4507 6020 1
272 8111 6747 4389 6164 5822 2
273 8131 6020 6066 4459 4029 2
274 8161 5832 7077 4219 4267 1
275 8193 6747 4197 4527 4029 2
276 8224 4259 6064 4479 4029 2
277 8261 4019 7077 4477 4325 1
278 8292 7077 4399 4261 4009 2
279 8323 6026 4351 6162 5822 2
280 8352 4019 7077 6160 4289 1
281 8389 6747 5976 4281 4009 2
282 8422 6016 4373 6566 3999 2
283 8458 3999 6747 6044 4309 1
284 8488 7077 5974 4447 5652 2
285 8515 4325 4401 4477 5822 2
286 8535 3999 6747 4333 4305 1
287 8574 6747 6096 4267 5832 2
288 8596 4255 4409 4469 3999 2
289 8618 5832 6747 6042 6036 1
290 8640 6747 4207 4291 5822 2
291 8678 6018 4361 6146 4009 2
292 8703 3999 7077 4311 6018 1
293 8733 7077 4387 4259 5812 2
294 8763 4307 6086 6132 3999 2
295 8798 5822 7077 4481 4281 1
296 8838 7077 4163 4469 5842 2
297 8878 4255 4403 4525 4009 2
298 8909 5822 7077 4235 6020 1
299 8929 7077 4233 4315 5822 2
300 8964 6024 4363 6144 3999 2
301 8995 3989 7077 4493 6042 1
302 9030 7077 4411 4339 5660 2
303 9060 4289 6074 6564 4019 2
304 9092 5822 7077 4455 4313 1
305 9113 6747 4161 4293 5832 2
306 9136 4333 6072 4523 3999 2
307 9174 3999 7077 4205 4311 1
308 9210 6747 4171 4337 4059 2
309 9249 6012 4411 4505 5852 2
310 9274 5852 7077 4455 4341 1
311 9301 7077 5954 6018 3645 2
312 9337 4315 4389 6158 3999 2
313 9365 5812 7077 6050 4263 1
314 9396 7077 4397 4339 5862 2
315 9432 4255 4399 4481 4019 2
316 9452 3999 7077 5976 4255 1
317 9482 7077 5952 4289 3645 2
318 9515 6012 4385 4525 3999 2
319 9549 5812 7077 5972 4265 1
320 9585 7077 5972 6146 5862 2
321 9612 4265 4375 6136 5822 2
322 9649 4009 6747 4229 6040 1
323 9681 6747 5968 4267 4029 2
324 9712 4305 6098 4473 4009 2
325 9745 5822 6747 4339 6040 1
326 9774 7077 4405 4475 5872 2
327 9797 4287 4407 4479 3999 2
328 9819 5842 7077 6140 6024 1
329 9854 6747 5970 4277 5660 2
330 9881 6014 4431 6134 3999 2
331 9903 3999 7077 4499 6040 1
332 9932 6747 4411 6050 5872 2
333 9960 4329 6064 6164 5832 2
334 9981 5852 6747 4219 4301 1
335 10002 7077 6092 4477 3637 2
336 10040 4281 4375 4507 5852 2
337 10073 4029 7077 5964 4313 1
338 10105 7077 4235 4261 4029 2
339 10125 6018 4427 4479 3989 2
340 10158 5812 7077 4245 6026 1
341 10182 6747 4181 6022 3989 2
342 10215 4291 4411 6132 3999 2
343 10244 5812 6747 6132 4255 1
344 10275 7077 4379 6038 5852 2
345 10310 6024 4363 4459 4029 2
346 10350 3989 6747 4449 4311 1
347 10380 7077 6072 6138 4029 2
348 10420 4341 4381 4451 4019 2
349 10452 5852 7077 4449 4281 1
350 10489 7077 4209 4259 5862 2
351 10512 6018 4357 4459 4029 2
352 10551 5812 7077 6166 4337 1
353 10576 7077 4159 4339 3999 2
354 10608 6050 4385 4475 5832 2
355 10637 4029 6747 4209 4301 1
356 10662 7077 6070 6136 4009 2
357 10690 4259 4387 4473 3999 2
358 10719 4029 6747 6142 4315 1
359 10748 7077 6090 4525 4009 2
360 10778 6020 4353 6142 5832 2
361 10802 4029 7077 6140 4325 1
362 10841 7077 6092 4267 4049 2
363 10875 4333 4363 4473 5812 2
364 10896 4029 6747 4473 4309 1
365 10936 7077 4375 4507 5862 2
366 10964 6046 4401 4445 5832 2
367 10988 5812 6747 4209 6040 1
368 11027 6747 5942 4265 3645 2
369 11056 4303 6064 4451 4009 2
370 11088 4009 6747 4493 6048 1
371 11126 6747 6088 4267 5862 2
372 11160 6026 4425 6160 4029 2
373 11199 5852 7077 4239 4305 1
374 11227 6747 4383 6138 3645 2
375 11265 4309 4359 6164 5812 2
376 11290 3989 6747 5966 6042 1
377 11324 7077 4197 4521 5862 2
378 11357 4279 4383 4447 4029 2
379 11382 5832 6747 4303 4313 1
380 11408 6747 4235 4327 5852 2
381 11440 4327 6072 4451 5842 2
382 11473 4009 6747 4333 6018 1
383 11509 7077 5968 4519 4009 2
384 11548 6022 6074 4475 4019 2
385 11570 5842 7077 6144 4337 1
386 11609 7077 4193 4257 5862 2
387 11649 4263 4383 6156 3989 2
388 11682 5852 7077 4519 4287 1
389 11720 7077 6074 4451 4029 2
390 11755 6046 6060 4483 3999 2
391 11783 4019 7077 4497 4331 1
392 11816 6747 4193 6144 5832 2
393 11851 4301 4403 4449 5832 2
394 11886 5842 6747 4219 6050 1
395 11920 7077 4379 6050 5660 2
396 11943 6018 4379 4529 4009 2
397 11981 4019 7077 6042 4265 1
398 12017 6747 4219 6166 3989 2
399 12041 6042 4377 6160 5832 2
400 12077 5822 7077 4331 4327 1
401 12098 6747 4411 6044 5652 2
402 12120 6026 4363 4471 4029 2
403 12150 5842 6747 4473 4329 1
404 12174 7077 6070 4281 4039 2
405 12209 4263 4425 6158 5842 2
406 12240 5822 6747 6566 6014 1
407 12279 7077 5942 6024 5660 2
408 12299 6038 4421 6162 5842 2
409 12334 5852 6747 6564 6040 1
410 12373 7077 4231 4265 5862 2
411 12411 6024 6060 4445 4009 2
412 12450 4019 7077 5968 6050 1
413 12471 6747 4375 4311 4049 2
414 12498 4279 4409 4497 5832 2
415 12532 5812 6747 4303 6038 1
416 12559 7077 6070 4503 3637 2
417 12599 4255 6066 6134 5822 2
418 12627 4029 6747 4233 6026 1
419 12654 7077 4185 6132 5652 2
420 12693 4261 4361 4505 5812 2
421 12713 5852 6747 6566 6016 1
422 12739 7077 4237 4265 3645 2
423 12777 4331 4377 4497 5822 2
424 12814 5812 6747 4313 4325 1
425 12834 7077 4377 6138 5822 2
426 12865 4339 4437 6142 3999 2
427 12900 5842 6747 6138 4329 1
428 12926 7077 6064 4261 5862 2
429 12956 6016 4379 4479 3999 2
430 12979 5842 7077 4455 4285 1
431 13019 7077 4375 6024 4039 2
432 13056 4301 6074 4455 5832 2
433 13091 3989 7077 4301 4331 1
434 13119 7077 4209 4525 5872 2
435 13139 4331 4381 4453 5852 2
436 13178 5812 6747 4331 4263 1
437 13216 7077 4375 4477 4009 2
438 13241 4267 4389 6140 5822 2
439 13274 4029 6747 4307 6044 1
440 13309 6747 4403 4277 5852 2
441 13339 6036 6060 4449 5822 2
442 13369 3989 6747 4237 4277 1
443 13399 7077 4433 4301 3637 2
444 13420 4313 4405 6132 5812 2
445 13455 4009 7077 6156 4305 1
446 13493 7077 4187 4331 3999 2
447 13526 4261 4399 4445 5852 2
448 13565 5812 7077 6044 4263 1
449 13590 7077 4353 4341 3999 2
450 13628 6038 6086 4517 5842 2
451 13655 4029 7077 4335 4257 1
452 13685 6747 4411 6018 5652 2
453 13722 4277 4383 6136 5812 2
454 13749 5852 6747 4301 6038 1
455 13777 7077 6086 4469 5842 2
456 13816 4307 6060 4469 4029 2
457 13847 3989 7077 4213 6046 1
458 13879 7077 5970 6014 5812 2
459 13907 4287 4409 6156 3989 2
460 13928 4029 6747 4217 4257 1
461 13959 7077 6096 4483 3989 2
462 13993 4333 6090 4517 3999 2
463 14017 4029 6747 6156 6012 1
464 14050 6747 4211 4471 5652 2
465 14084 6046 4421 4497 5842 2
466 14118 4009 7077 4471 4259 1
467 14150 7077 4435 6018 5832 2
468 14189 4259 4357 4527 5812 2
469 14220 5812 6747 4309 4259 1
470 14254 6747 5954 6024 5842 2
471 14281 4285 4359 4505 3999 2
472 14303 4009 7077 4341 4253 1
473 14334 6747 4435 6566 4039 2
474 14367 4277 6086 4521 4019 2
475 14402 5842 7077 4459 4325 1
476 14427 7077 5966 4301 5862 2
477 14456 4277 4381 4519 5842 2
478 14487 3999 7077 4215 4335 1
479 14512 6747 4205 4307 3645 2
480 14546 4301 4409 4517 5832 2
481 14569 3999 6747 4231 6020 1
482 14609 7077 5974 6138 4009 2
483 14645 6020 4433 4497 3999 2
484 14669 5842 7077 4245 4341 1
485 14702 7077 4181 6146 4019 2
486 14737 6012 4407 6146 3989 2
487 14765 4009 6747 6170 4337 1
488 14792 6747 4215 4485 5652 2
489 14815 4307 6090 6132 3989 2
490 14851 5832 6747 6566 4315 1
491 14887 6747 4409 6566 5652 2
492 14915 6026 4357 4451 4029 2
493 14942 5852 7077 5964 4335 1
494 14970 7077 4213 6142 5852 2
495 14992 4291 4431 6162 5852 2
496 15027 4009 6747 4331 6036 1
497 15048 7077 5978 6014 5652 2
498 15073 4277 6090 6564 5852 2
499 15099 4019 6747 5976 4305 1
500 15127 7077 6088 4479 3645 2
501 15160 6012 4361 4483 4019 2
502 15200 3989 6747 6042 4261 1
503 15240 6747 4239 4459 3999 2
504 15278 4259 4351 4521 4019 2
505 15314 3999 6747 4471 4341 1
506 15338 6747 5968 6016 4059 2
507 15378 4281 4433 4445 4009 2
508 15410 5852 6747 4305 4263 1
509 15441 6747 4231 4315 5862 2
510 15470 4303 4405 4505 5832 2
511 15499 5822 7077 5976 4279 1
512 15538 6747 4209 6014 3637 2
513 15567 4301 4377 4447 4019 2
514 15589 5812 7077 6146 4279 1
515 15616 6747 5968 4255 4059 2
516 15647 4283 6086 4451 5822 2
517 15686 5812 7077 6042 6048 1
518 15712 7077 5942 4259 3645 2
519 15750 4301 6092 4459 4019 2
520 15780 5812 6747 4459 4335 1
521 15813 6747 4379 4291 3637 2
522 15835 6038 4435 6132 5822 2
523 15869 3989 7077 6138 4307 1
524 15908 6747 4195 4473 3999 2
525 15941 4309 6084 4473 4019 2
526 15978 5812 7077 6042 4279 1
527 15998 6747 4377 6024 5852 2
528 16022 6024 6098 4503 4019 2
529 16055 3989 6747 4241 6044 1
530 16078 6747 4431 4485 5812 2
531 16106 6040 4383 4485 4009 2
532 16128 5832 6747 4315 4341 1
533 16155 6747 4243 4473 4059 2
534 16184 4315 6084 6132 3989 2
535 16221 5842 6747 4301 4259 1
536 16246 7077 4189 4287 4059 2
537 16266 4307 6072 6166 3999 2
538 16296 3999 6747 4499 6036 1
539 16329 7077 4161 6146 5872 2
540 16366 4263 4431 4473 4009 2
541 16406 5832 7077 4473 4333 1
542 16438 6747 4433 6156 3629 2
543 16474 4261 4399 4483 5852 2
544 16498 4019 7077 4493 4293 1
545 16523 7077 6092 4445 4009 2
546 16545 6026 4377 4517 4009 2
547 16572 5812 6747 4219 4313 1
548 16609 6747 4165 4517 5822 2
549 16631 6040 4399 4449 4009 2
550 16670 5832 6747 4521 4333 1
551 16706 7077 6066 4473 5832 2
552 16746 6042 6084 4483 3989 2
553 16766 5822 6747 4471 6044 1
554 16801 6747 6064 4267 5872 2
555 16823 6044 4381 4445 5822 2
556 16853 5812 7077 4475 4313 1
557 16877 6747 4421 6162 4019 2
558 16908 4257 4359 4483 3999 2
559 16929 5852 7077 6134 4265 1
560 16954 7077 4231 4307 4009 2
561 16979 4341 6064 4451 4009 2
562 17001 5852 7077 5976 6012 1
563 17038 6747 4193 6144 4009 2
564 17059 4287 4401 6140 4029 2
565 17080 5852 7077 6160 4327 1
566 17105 7077 4363 4309 4029 2
567 17143 6024 4377 6132 3999 2
568 17176 5812 6747 6138 4303 1
569 17211 7077 4435 4483 5842 2
570 17241 6012 4397 4495 4029 2
571 17264 3989 7077 6170 4259 1
572 17285 7077 4173 4445 3645 2
573 17323 4277 4375 4525 4029 2
574 17356 3989 7077 6158 4325 1
575 17384 6747 6064 4503 5872 2
576 17411 4325 4403 4527 4029 2
577 17442 5812 6747 6048 4289 1
578 17478 6747 4207 4503 3629 2
579 17518 6020 4411 4445 5822 2
580 17556 3989 7077 4469 4267 1
581 17593 7077 4187 4265 4059 2
582 17619 4339 4381 4469 5832 2
583 17653 4009 7077 6138 4331 1
584 17685 7077 5950 6012 5832 2
585 17725 6042 4357 4517 5832 2
586 17747 5812 7077 6166 4293 1
587 17784 7077 4185 4469 5652 2
588 17814 4255 4401 4455 3999 2
589 17844 4019 6747 4445 4339 1
590 17883 7077 4383 4281 5652 2
591 17914 4265 4421 4505 5812 2
592 17943 5852 7077 6042 4341 1
593 17963 7077 4379 4527 5832 2
594 17990 4333 4381 6158 5842 2
595 18016 4019 6747 6138 4329 1
596 18053 6747 4363 6564 5660 2
597 18080 4257 4399 4527 5812 2
598 18104 4009 6747 4237 4283 1
599 18125 7077 5946 4479 4059 2
600 18165 4301 4363 6564 5812 2
601 18192 3999 6747 4481 4281 1
602 18223 6747 4213 4255 5862 2
603 18250 4291 4387 4449 5842 2
604 18288 3989 7077 4211 6026 1
605 18319 6747 4435 6136 5842 2
606 18349 4255 4431 6144 4029 2
607 18369 3999 6747 4501 4305 1
608 18401 7077 4387 4493 3989 2
609 18427 4291 4423 6158 5832 2
610 18450 3989 6747 4313 4277 1
611 18481 6747 5964 4333 4029 2
612 18511 4289 4409 4473 5822 2
613 18546 4009 7077 4243 4305 1
614 18573 7077 4349 6140 4009 2
615 18609 4277 4421 6134 5832 2
616 18649 5822 7077 4507 6038 1
617 18682 6747 4235 4307 4039 2
618 18717 6016 4383 4455 5852 2
619 18755 4019 6747 4337 4315 1
620 18782 6747 6090 6564 4049 2
621 18814 4279 4353 6158 5832 2
622 18848 4019 7077 4457 6020 1
623 18883 6747 4185 4277 5652 2
624 18916 6036 6084 4527 4029 2
625 18942 5852 7077 4331 4329 1
626 18980 7077 5950 6048 3637 2
627 19008 4255 6060 4499 5832 2
628 19032 3999 7077 4341 4287 1
629 19072 6747 4159 6566 4019 2
630 19098 4315 4401 6132 3989 2
631 19126 3999 6747 6158 6018 1
632 19165 6747 4207 4281 3999 2
633 19204 4279 4401 6140 4019 2
634 19225 4029 6747 5966 4253 1
635 19251 6747 4351 6164 3645 2
636 19287 4253 6090 6162 4029 2
637 19322 5842 6747 4315 4335 1
638 19362 7077 6096 4497 4019 2
639 19398 4329 4421 4445 5832 2
640 19436 5822 7077 4527 4285 1
641 19465 7077 5978 4255 3629 2
642 19497 4329 6070 4497 4019 2
643 19526 4029 7077 5974 4309 1
644 19563 6747 4405 6170 4009 2
645 19592 6036 4433 4457 5852 2
646 19620 5822 6747 4525 4305 1
647 19652 6747 6094 6050 5812 2
648 19677 6014 4379 4469 3989 2
649 19707 3999 7077 4217 4303 1
650 19738 7077 4193 4325 3637 2
651 19764 6012 4381 6160 5842 2
652 19798 3989 7077 4309 4277 1
653 19834 7077 4427 6170 4049 2
654 19874 6014 6072 6168 5852 2
655 19908 3999 7077 4445 4305 1
656 19934 7077 4165 6564 5832 2
657 19969 6020 4381 6136 4009 2
658 20006 4029 6747 6140 6038 1
659 20027 6747 6060 6040 5812 2
660 20061 6014 6096 6164 5852 2
661 20089 5822 6747 4309 4255 1
662 20120 6747 5970 4287 3637 2
663 20141 4267 4407 4493 3989 2
664 20174 4009 6747 4455 6038 1
665 20204 7077 4205 4529 5872 2
666 20225 4335 4431 6166 4009 2
667 20251 4029 7077 6040 4337 1
668 20275 6747 6064 6026 5842 2
669 20301 6026 6072 4507 5842 2
670 20328 5832 6747 6138 4339 1
671 20361 6747 4197 4459 4029 2
672 20384 4335 4389 6134 3989 2
673 20406 4029 7077 4331 4281 1
674 20440 6747 4231 6042 3637 2
675 20464 6048 4387 4471 5842 2
676 20502 4009 7077 4205 4309 1
677 20533 6747 6092 4451 4059 2
678 20563 4341 6068 4447 4029 2
679 20595 4009 6747 4217 4331 1
680 20624 7077 5952 4329 5660 2
681 20655 4313 4425 6132 3989 2
682 20691 3999 7077 4447 6046 1
683 20725 7077 4205 6020 3629 2
684 20753 6012 4389 4479 5822 2
685 20788 5832 6747 4501 6014 1
686 20808 7077 6098 4455 5862 2
687 20838 4257 4375 6160 5822 2
688 20878 3989 7077 4505 6048 1
689 20915 6747 6072 6050 3999 2
690 20946 6042 6086 4519 4009 2
691 20985 5812 7077 4245 4315 1
692 21012 7077 4185 4469 5822 2
693 21036 4253 4363 4453 3989 2
694 21056 5852 6747 4521 6022 1
695 21081 6747 4233 4259 5852 2
696 21103 4291 6096 4447 5852 2
697 21139 5822 7077 6166 6018 1
698 21176 7077 5972 4517 3989 2
699 21213 6042 4373 4483 4029 2
700 21246 4019 6747 4235 4303 1
701 21273 6747 4355 4311 4029 2
702 21302 4283 4403 6160 3999 2
703 21336 4019 6747 4233 4277 1
704 21358 6747 4379 4459 4039 2
705 21384 4309 4389 6144 5842 2
706 21409 4029 7077 6036 6022 1
707 21444 7077 5940 4477 4049 2
708 21479 4329 6066 6168 5852 2
709 21515 4009 6747 4219 4267 1
710 21536 7077 4351 4285 5812 2
711 21573 4303 4373 4477 4019 2
712 21601 5842 7077 4447 4327 1
713 21636 6747 6064 4481 4029 2
714 21666 6042 4421 6134 3999 2
715 21703 5812 6747 4309 6046 1
716 21742 7077 4231 6134 5652 2
717 21781 4255 4401 6170 5832 2
718 21803 3989 7077 4519 4261 1
719 21838 6747 4437 4451 5660 2
720 21873 6026 6088 4525 5832 2
721 21894 5832 6747 6036 6048 1
722 21934 6747 4165 4311 4019 2
723 21971 6040 4407 4503 5832 2
724 22004 5822 7077 4521 6038 1
725 22032 6747 6094 6048 4059 2
726 22064 4325 6098 4507 5852 2
727 22100 4029 6747 4445 4341 1
728 22129 7077 6072 6170 5842 2
729 22165 4287 4399 6142 5842 2
730 22195 5852 6747 4209 4337 1
731 22233 6747 6066 6164 5812 2
732 22268 6016 4351 6160 5852 2
733 22308 5842 7077 4301 4329 1
734 22337 7077 4245 6024 4049 2
735 22360 4301 4383 4505 3999 2
736 22393 5812 7077 6164 4309 1
737 22433 6747 4435 4475 5652 2
738 22462 4305 6074 4501 4029 2
739 22486 5822 6747 4521 4331 1
740 22518 7077 5944 4331 5852 2
741 22555 6014 4355 4483 4009 2
742 22587 5812 7077 6144 6024 1
743 22617 6747 4181 4527 5852 2
744 22650 4311 4373 4469 5832 2
745 22674 4019 7077 4209 4309 1
746 22712 7077 4183 4525 5822 2
747 22745 6046 4375 4485 4009 2
748 22769 4009 6747 4523 6038 1
749 22808 7077 5950 4291 5652 2
750 22838 6046 6090 4459 5842 2
751 22864 5832 6747 4329 6046 1
752 22895 7077 5972 6040 3637 2
753 22930 6048 4383 4493 4019 2
754 22957 3989 7077 6132 6038 1
755 22977 7077 6070 4267 4059 2
756 23009 4281 4389 4457 3989 2
757 23031 5822 6747 4315 4285 1
758 23064 7077 6074 6044 3989 2
759 23093 6022 6092 4501 5832 2
760 23118 4009 7077 4213 4341 1
761 23144 6747 4405 6016 3989 2
762 23178 6014 4377 4507 5812 2
763 23211 5852 6747 4495 4289 1
764 23249 7077 4235 4327 5862 2
765 23278 6048 4387 4483 5832 2
766 23315 3989 7077 4451 6038 1
767 23340 6747 4379 4483 4009 2
768 23376 4331 4355 4477 3999 2
769 23409 5812 6747 4473 4289 1
770 23438 7077 4197 6138 4029 2
771 23464 6026 4353 4459 4009 2
772 23499 3999 6747 4311 6012 1
773 23532 6747 4381 4481 5812 2
774 23555 4315 4383 4517 4029 2
775 23590 5852 6747 4303 6040 1
776 23611 7077 4187 4447 3629 2
777 23637 4281 4431 4453 5832 2
778 23663 4009 6747 4517 6040 1
779 23698 6747 6090 4331 3629 2
780 23730 4267 4429 6162 5852 2
781 23765 3999 6747 4219 4301 1
782 23788 7077 4435 4497 5872 2
783 23812 4309 6094 6168 4019 2
784 23846 4029 6747 6042 6040 1
785 23884 6747 4423 6012 4039 2
786 23906 4265 4351 4483 5812 2
787 23929 4019 6747 4241 6022 1
788 23964 6747 4429 4507 5832 2
789 23991 4329 4421 4485 3989 2
790 24023 4029 6747 4339 4333 1
791 24049 7077 4183 4475 5862 2
792 24077 4307 4379 4527 4029 2
793 24097 3999 6747 4327 4333 1
794 24132 7077 4243 4447 5872 2
795 24157 4329 6072 6140 4019 2
796 24190 4019 7077 6166 4293 1
797 24218 7077 4409 4455 4029 2
798 24249 4333 6088 6162 4019 2
799 24276 4029 6747 4519 4309 1
800 24308 7077 4213 4445 4059 2
801 24343 4289 4411 4469 3989 2
802 24372 5832 6747 4459 4337 1
803 24397 7077 4239 4475 5652 2
804 24432 6050 6070 6144 4019 2
805 24468 3999 7077 6132 6050 1
806 24492 7077 5966 6024 4019 2
807 24531 6044 4423 4529 4019 2
808 24567 3999 7077 4455 6024 1
809 24604 6747 6068 4283 3637 2
810 24624 6014 6086 6162 5852 2
811 24654 4009 6747 4527 4277 1
812 24677 6747 4169 6046 5872 2
813 24706 6012 4431 4481 5832 2
814 24731 5812 6747 6134 4337 1
815 24758 6747 4399 4469 4029 2
816 24788 4253 6068 6138 4019 2
817 24821 4029 7077 4331 4341 1
818 24847 6747 5970 6050 3989 2
819 24880 4301 4363 4517 5832 2
820 24907 5822 7077 4459 6050 1
821 24927 7077 4245 6038 4059 2
822 24963 4313 4409 6160 5832 2
823 24989 5822 7077 4233 4279 1
824 25017 6747 4181 4263 5812 2
825 25038 4307 4411 4455 3989 2
826 25061 3999 6747 6146 4303 1
827 25093 6747 5942 4495 5660 2
828 25117 4315 4433 6132 5842 2
829 25148 4009 7077 4327 4335 1
830 25180 6747 4399 6170 5660 2
831 25207 6022 4427 4495 4029 2
832 25234 5842 6747 4313 6038 1
833 25265 6747 4357 4527 3989 2
834 25305 4311 4385 6136 3989 2
835 25338 5832 6747 6170 4309 1
836 25359 6747 6094 4285 3629 2
837 25390 4263 6066 6158 5842 2
838 25422 5832 7077 6162 6044 1
839 25454 7077 4409 4329 3637 2
840 25491 4265 4387 4529 5812 2
841 25525 5822 6747 4245 6044 1
842 25552 6747 4239 6046 5862 2
843 25576 6044 4355 6136 5832 2
844 25608 3999 6747 4507 4337 1
845 25640 6747 6070 4445 4019 2
846 25680 6024 6086 4495 3989 2
847 25708 3999 6747 4243 4307 1
848 25731 7077 4421 4471 5812 2
849 25768 4265 4403 4469 5812 2
850 25806 5852 6747 6156 6038 1
851 25827 7077 4355 4477 3989 2
852 25867 4279 6088 6564 5852 2
853 25901 5832 6747 4525 6020 1
854 25939 7077 4411 4445 5822 2
855 25966 6020 4385 4499 5832 2
856 25988 5832 6747 4311 4329 1
857 26017 6747 6090 4483 5852 2
858 26039 6048 4437 6170 4029 2
859 26067 4029 6747 4241 4257 1
860 26106 7077 4433 6164 4059 2
861 26145 4291 4435 4469 4009 2
862 26182 5822 7077 4315 4301 1
863 26218 7077 4191 4337 5660 2
864 26249 4261 4431 4471 5822 2
865 26289 5842 7077 6048 4311 1
866 26322 6747 4161 6164 5660 2
867 26344 4301 6060 4499 5852 2
868 26374 5832 6747 6166 6022 1
869 26408 7077 4411 6020 5842 2
870 26448 4311 4421 4501 5822 2
871 26481 3989 6747 6040 4325 1
872 26515 7077 4231 4315 4039 2
873 26554 4267 4359 4495 5812 2
874 26577 5842 6747 4525 4259 1
875 26610 7077 4361 6026 5872 2
876 26634 4285 4437 6166 5842 2
877 26658 5832 6747 4213 4293 1
878 26687 6747 4195 4325 5660 2
879 26713 4267 4355 6160 5822 2
880 26737 3989 7077 4473 4337 1
881 26763 6747 4181 4265 5862 2
882 26786 6026 4433 6168 5822 2
883 26813 3999 6747 6564 4337 1
884 26839 7077 6070 4475 5652 2
885 26871 6014 4427 4501 3989 2
886 26900 4019 6747 6048 4279 1
887 26934 7077 6096 4449 3629 2
888 26955 6050 4409 4473 5842 2
889 26982 4029 7077 4445 4311 1
890 27014 6747 4433 4261 5862 2
891 27042 4291 6094 4451 4009 2
892 27063 5822 7077 4499 4291 1
893 27098 6747 4211 6156 5652 2
894 27127 4339 6074 4459 4009 2
895 27153 5822 6747 4239 6036 1
896 27193 6747 4379 4291 3999 2
897 27218 6020 6074 4449 5852 2
898 27246 5852 7077 6046 4289 1
899 27282 7077 4363 4447 3629 2
900 27314 6042 6086 4527 4029 2
