1 29 5842 3629 3637 4331 1
2 54 6747 4377 4523 3645 2
3 88 4375 4029 3989 5872 2
4 117 5822 5660 4059 4291 1
5 143 6747 4431 6564 5872 2
6 174 6092 5822 4009 3629 2
7 202 5852 3645 5660 4335 1
8 229 7077 6066 6160 5862 2
9 260 4407 5812 4029 4049 2
10 286 4029 5652 5862 4255 1
11 317 7077 4401 4471 4049 2
12 349 4435 4009 5812 4049 2
13 379 5822 5872 4039 4339 1
14 407 7077 4411 4505 3629 2
15 440 4437 3989 4029 3645 2
16 467 5832 5862 5660 6046 1
17 493 7077 4431 4477 4049 2
18 527 4405 5822 5842 4059 2
19 556 5822 4059 3637 6048 1
20 591 6747 4349 4457 3629 2
21 626 6062 3989 4029 5652 2
22 651 5842 3645 3637 4281 1
23 684 6747 4389 6160 5872 2
24 715 4403 4019 3989 4049 2
25 740 5842 3645 5660 6038 1
26 769 7077 4401 4485 5862 2
27 800 4373 5832 4019 4039 2
28 828 4019 4049 3645 4335 1
29 857 6747 6092 4521 4049 2
30 890 4383 5822 3989 3637 2
31 915 3989 5872 3637 4335 1
32 943 7077 6096 6566 3637 2
33 974 4373 3999 4029 4049 2
34 1003 4009 4049 5862 4279 1
35 1032 7077 6086 4497 5872 2
36 1062 4421 4009 5832 4059 2
37 1089 5822 4039 4059 4315 1
38 1119 7077 4407 4517 4059 2
39 1150 4349 5852 5832 5660 2
40 1180 4009 5872 5862 4335 1
41 1210 7077 4383 6170 4049 2
42 1243 4435 4029 5842 4059 2
43 1270 4019 3629 4049 4325 2
44 1299 7077 4349 4451 4059 2
45 1331 6060 5822 5822 3645 2
46 1357 5822 4059 5862 4333 1
47 1382 6747 4355 6158 5872 2
48 1417 6094 5832 5812 4059 2
49 1445 3989 5660 4059 6014 1
50 1480 6747 6096 4523 4049 2
51 1513 6086 3999 4009 4039 2
52 1540 5822 4049 3637 6050 1
53 1573 6747 4351 4481 5862 2
54 1605 4373 4029 4009 5872 2
55 1630 4029 3645 5872 4259 2
56 1661 6747 4399 4519 4059 2
57 1692 6070 4029 3989 3637 2
58 1719 5822 4049 3629 4311 1
59 1749 7077 4427 4525 3637 2
60 1782 4411 5822 5822 4049 2
61 1808 5842 4039 5872 4289 1
62 1833 7077 6086 4469 5660 2
63 1867 6086 4019 4029 3637 2
64 1895 5852 4059 3629 4277 1
65 1920 7077 4421 4475 3637 2
66 1952 6094 5822 4009 3645 2
67 1978 5812 4049 5862 6050 1
68 2006 6747 6098 4471 5660 2
69 2041 6072 4009 5812 5652 2
70 2071 4009 4059 4059 4279 1
71 2098 6747 4429 4469 5872 2
72 2131 4351 5822 4009 5660 2
73 2159 4009 5652 3645 6012 2
74 2194 6747 4351 6170 5652 2
75 2227 6098 5822 4019 4059 2
76 2257 4029 3637 5872 6016 1
77 2283 6747 4349 6134 4059 2
78 2316 4385 3989 5812 4039 2
79 2342 5852 5660 4039 4325 1
80 2368 7077 4373 6566 3629 2
81 2400 4351 5822 4019 3637 2
82 2427 5832 3637 4039 4339 2
83 2462 4389 5822 4029 3637 2
84 2492 6064 3999 4019 3645 2
85 2517 4009 3645 3645 4339 1
86 2545 6747 4437 4447 4049 2
87 2577 4435 5842 4009 4049 2
88 2604 5822 5872 4039 6022 2
89 2632 6747 4361 4503 4049 2
90 2677 4019 5872 4059 6014 1
91 2697 3989 4059 4049 4337 1
92 2731 6747 6062 4481 3645 2
93 2762 4409 4019 5832 3629 2
94 2791 4009 5660 5652 4285 1
95 2824 6747 4351 4493 5862 2
96 2858 4381 5852 5842 4039 2
97 2887 3999 5660 5862 6026 1
98 2920 7077 4361 4499 5652 2
99 2954 4435 5832 5832 3645 2
100 2979 5822 5652 3645 6024 1
101 3005 7077 6096 4447 4039 2
102 3039 4405 3989 3989 5660 2
103 3067 5812 5652 5660 4307 1
104 3092 6747 6064 4475 4059 2
105 3125 4423 4019 4019 5872 2
106 3153 5822 5652 3645 4303 1
107 3185 6747 6084 6132 5652 2
108 3219 4389 5822 4029 3637 2
109 3248 4019 4049 4049 4265 1
110 3276 6747 6068 6162 3629 2
111 3311 6072 5832 5812 3637 2
112 3338 5852 5862 5872 4329 1
113 3372 6747 4387 4503 4059 2
114 3402 6060 5852 5812 5872 2
115 3430 5842 3629 5862 4311 1
116 3460 7077 4409 6144 5872 2
117 3495 6092 5842 5842 5862 2
118 3524 5852 5652 4059 4281 1
119 3549 6747 4405 4503 3637 2
120 3582 4397 5822 5822 5660 2
121 3612 4009 4039 4049 4277 1
122 3640 6747 4383 6564 5660 2
123 3672 4357 5822 5852 5660 2
124 3700 5812 3645 3629 4281 1
125 3729 6747 4425 4493 4039 2
126 3764 4389 3989 5812 3637 2
127 3791 4019 5660 5660 6046 1
128 3825 7077 6070 6164 4039 2
129 3857 6094 4019 4029 5872 2
130 3885 4029 5652 5660 6024 1
131 3918 7077 6060 6166 3629 2
132 3951 4397 4009 4029 5660 2
133 3976 5832 3629 3637 4333 1
134 4011 7077 4389 6156 5862 2
135 4042 4355 4029 4029 3629 2
136 4069 3999 4039 3645 4341 2
137 4101 6747 6072 4451 5652 2
138 4134 6072 4009 5812 3629 2
139 4161 5842 4039 3645 6018 1
140 4196 7077 4381 6134 3645 2
141 4230 4363 5832 3989 4049 2
142 4259 5852 5872 3637 6040 1
143 4287 6747 4435 4527 4049 2
144 4319 6086 3999 3999 5660 2
145 4345 3989 3629 5872 4315 1
146 4372 7077 6074 4457 4039 2
147 4403 6066 5812 5822 5862 2
148 4432 4019 5872 4059 6014 1
149 4466 6747 4427 4469 5652 2
150 4501 6094 4029 5852 4059 2
151 4526 4029 3629 5862 4265 1
152 4559 7077 6070 4471 5652 2
153 4590 4387 3989 5812 4059 2
154 4616 5812 5660 3629 4267 1
155 4646 7077 6084 4495 5872 2
156 4680 4421 5852 5852 4049 2
157 4710 4029 5652 3629 6040 1
158 4741 7077 4355 4503 3645 2
159 4773 4383 3989 3999 5872 2
160 4799 3999 5660 4039 4281 1
161 4827 6747 6094 4517 3629 2
162 4858 4429 3999 4019 4049 2
163 4886 5852 5872 4059 4277 1
164 4911 7077 4361 4453 3645 2
165 4944 4425 4029 4029 5652 2
166 4972 5812 5862 4039 4261 1
167 5002 7077 4429 4499 3629 2
168 5032 4375 5832 4029 3629 2
169 5058 5842 3637 4059 4331 1
170 5092 6747 4431 4525 5660 2
171 5126 4359 5842 4029 4049 2
172 5152 3989 5652 5652 6012 1
173 5184 7077 4397 4479 5862 2
174 5216 4403 5852 3999 4049 2
175 5241 4019 5652 3645 4283 1
176 5271 6747 6090 6136 4059 2
177 5305 4431 5822 4009 5872 2
178 5330 4029 3637 3637 4291 1
179 5359 6747 4387 6136 3629 2
180 5391 6090 4009 5812 5652 2
181 5419 4029 3629 5872 4331 1
182 5449 6747 4389 6156 5652 2
183 5484 4411 5822 3999 5660 2
184 5512 5832 3637 5652 4281 1
185 5545 7077 4377 4499 5652 2
186 5575 4361 4029 3999 4039 2
187 5602 3989 4059 4049 4337 1
188 5634 7077 6086 4477 5872 2
189 5667 6060 5842 4029 3629 2
190 5693 4029 3637 3645 6050 1
191 5724 6747 6090 4473 4059 2
192 5754 6068 4029 3999 5660 2
193 5781 5832 4059 5652 6012 1
194 5813 6747 4397 4449 3629 2
195 5844 4423 5832 5822 5872 2
196 5869 4009 5862 5652 4277 1
197 5898 7077 6084 6168 3645 2
198 5933 4427 4029 5852 5660 2
199 5959 5852 3645 5862 6014 1
200 5985 7077 6068 4529 5872 2
201 6017 4387 5832 5852 5660 2
202 6042 5812 4059 5660 4315 1
203 6067 7077 4399 4503 3637 2
204 6097 6094 5812 4019 5652 2
205 6123 3989 3637 4039 4265 1
206 6149 7077 4435 6136 5660 2
207 6181 6092 5832 5852 4039 2
208 6210 5852 3629 5652 4311 1
209 6244 7077 4429 4457 5862 2
210 6274 6086 4029 4009 5652 2
211 6303 3999 3645 3645 4331 1
212 6334 7077 4385 4493 5872 2
213 6369 4373 5842 5822 5660 2
214 6395 5852 4059 3629 4283 1
215 6420 6747 4379 4447 5652 2
216 6452 6084 5812 4029 4059 2
217 6481 4009 5652 3629 4313 1
218 6515 6747 4373 4495 4039 2
219 6548 6064 3989 5852 5872 2
220 6576 5852 5660 5872 4279 1
221 6605 7077 4425 6168 4059 2
222 6636 4411 3989 3999 5660 2
223 6661 5822 5862 5652 4313 1
224 6692 7077 6068 4529 5862 2
225 6727 6084 4019 5822 3637 2
226 6756 4029 5862 3629 4279 1
227 6784 6747 4357 4505 5862 2
228 6818 4389 5842 5832 5660 2
229 6843 4019 4039 5660 4313 1
230 6871 7077 6096 4507 4039 2
231 6906 6088 5842 4029 3629 2
232 6933 4029 3645 5862 4287 1
233 6964 7077 6070 6144 5660 2
234 6995 4411 4009 5832 5872 2
235 7022 3999 4049 4059 6016 1
236 7051 6747 4421 6158 3645 2
237 7084 4349 4029 5842 3637 2
238 7111 5812 3629 4039 4339 1
239 7145 7077 4349 6138 5872 2
240 7176 4425 4019 3999 4039 2
241 7205 3999 5862 5652 6038 1
242 7233 6747 6072 6146 3637 2
243 7267 4407 4009 4009 4039 2
244 7296 5822 5862 3645 6050 1
245 7323 6747 4385 4493 4059 2
246 7358 6090 5842 5812 3645 2
247 7384 5852 3637 3645 4283 1
248 7416 7077 6072 4469 3645 2
249 7447 4407 3999 4009 5862 2
250 7476 4019 3645 4049 4259 1
251 7503 6747 6068 4519 5652 2
252 7534 4363 4019 5832 5872 2
253 7562 4029 4039 5872 4279 1
254 7596 7077 4379 4529 5872 2
255 7630 4389 3989 5842 5872 2
256 7656 4009 4059 3637 4333 1
257 7690 6747 4405 6132 5652 2
258 7722 4407 4029 4019 4059 2
259 7748 3999 3629 3629 6040 1
260 7779 6747 4379 4501 3645 2
261 7814 6092 5832 3999 4059 2
262 7839 4029 3629 3629 4265 1
263 7867 6747 4421 6566 3629 2
264 7902 4421 5842 5842 5872 2
265 7932 3999 3637 5652 6014 1
266 7966 6747 4361 4497 4049 2
267 7998 4411 5832 3989 3645 2
268 8025 3999 4039 4059 4341 1
269 8057 7077 4425 4483 5660 2
270 8092 4351 3989 5842 5862 2
271 8120 3989 3645 3637 4311 1
272 8152 6747 4405 4449 4059 2
273 8186 6084 4029 4029 5652 2
274 8214 4029 5660 5862 4289 1
275 8244 7077 6092 4499 4039 2
276 8277 6094 3989 5812 5872 2
277 8307 5852 5660 4039 4307 1
278 8332 7077 4389 4495 5872 2
279 8367 4437 3989 5842 3637 2
280 8393 5832 5872 4059 6046 1
281 8419 7077 4383 4477 5652 2
282 8449 4399 4029 3999 4059 2
283 8478 5832 4039 4039 4305 1
284 8513 7077 4375 4521 5872 2
285 8545 6060 5852 3989 4049 2
286 8574 5822 3645 5652 4313 1
287 8602 6747 4361 6142 4059 2
288 8637 4361 4009 5822 3637 2
289 8663 5842 4059 5862 4283 1
290 8696 7077 4373 4503 4059 2
291 8727 6070 5822 4009 4039 2
292 8754 5832 4039 5652 6016 1
293 8789 7077 6070 4451 5660 2
294 8819 6096 4009 3999 5660 2
295 8847 5812 5660 4049 4313 1
296 8880 6747 4407 6134 5872 2
297 8910 4431 5812 5812 4049 2
298 8940 3999 4039 5862 4309 1
299 8974 6747 4433 6564 3629 2
300 9006 6068 4009 3989 4059 2
301 9032 4029 4039 5862 4289 1
302 9065 7077 6084 4529 4049 2
303 9095 6090 5852 4019 4049 2
304 9120 3989 5872 5652 4285 1
305 9152 6747 6066 6132 3645 2
306 9183 4435 4029 3989 5660 2
307 9209 5812 5660 4059 4311 1
308 9235 6747 4359 4455 3637 2
309 9265 4375 3989 5822 3629 2
310 9295 3999 4059 3637 4267 1
311 9322 6747 6072 6170 5872 2
312 9355 4357 3999 5832 3637 2
313 9380 5852 4049 4049 6042 1
314 9410 7077 4373 4475 4059 2
315 9440 4407 4019 4009 3645 2
316 9466 5822 5660 5652 4329 1
317 9495 6747 4427 6132 5652 2
318 9528 6096 4019 4009 4059 2
319 9558 3989 5652 4049 6016 1
320 9586 7077 4349 4473 4059 2
321 9619 4389 3999 3989 4039 2
322 9644 3989 4039 5862 4267 1
323 9674 7077 6084 4505 4039 2
324 9705 6060 4019 3999 5872 2
325 9735 4009 4039 4059 4253 1
326 9764 7077 4387 6166 4059 2
327 9794 4351 5812 3989 3629 2
328 9822 3989 4039 4059 4313 1
329 9855 6747 6060 4527 4049 2
330 9888 6092 5812 4029 3637 2
331 9917 4009 5652 3629 4277 1
332 9947 7077 4355 4471 4059 2
333 9978 6066 4029 5812 4059 2
334 10006 4019 5652 5872 4331 1
335 10041 7077 4421 4453 5660 2
336 10073 4401 5822 4009 5660 2
337 10099 4029 5660 4049 4261 1
338 10128 7077 4401 6158 4049 2
339 10160 4389 3989 5832 3637 2
340 10189 5852 3629 5872 4261 1
341 10214 7077 6066 6170 5862 2
342 10246 4355 5822 3999 5652 2
343 10272 4019 5862 4039 4267 1
344 10301 6747 4431 4523 3645 2
345 10332 6094 5832 3999 3629 2
346 10362 3999 5862 4049 6042 1
347 10392 6747 6084 6170 4039 2
348 10426 4379 3999 5812 5862 2
349 10451 5812 5660 4059 4283 1
350 10482 6747 6074 6164 5652 2
351 10516 4403 4019 5832 3629 2
352 10542 3999 5660 5862 4261 1
353 10575 6747 6070 4485 5660 2
354 10606 4423 5822 5812 4059 2
355 10634 4029 4049 5872 6020 1
356 10665 7077 4387 4477 5862 2
357 10696 4375 3999 4009 3637 2
358 10721 5822 5872 4039 4287 1
359 10748 6747 4421 4455 3645 2
360 10783 6064 3999 3989 4039 2
361 10810 5812 3645 3637 6050 1
362 10845 6747 4431 6144 4049 2
363 10876 4351 5812 3999 3637 2
364 10905 5812 5652 4039 4311 1
365 10936 7077 6090 6160 4039 2
366 10969 6084 4009 5812 5652 2
367 10996 5822 4059 5660 6048 1
368 11031 7077 6088 4529 4059 2
369 11062 4433 4019 5852 3629 2
370 11090 5822 5872 5652 6020 1
371 11121 7077 4377 4485 5652 2
372 11151 4429 5842 3989 4049 2
373 11178 3999 3637 4059 4255 1
374 11207 6747 4379 4479 5872 2
375 11239 4383 3999 5842 5862 2
376 11265 5822 3629 5862 4289 1
377 11292 7077 6098 6138 5862 2
378 11324 6066 5842 5812 5652 2
379 11351 5852 3629 3645 6026 1
380 11386 7077 6068 4517 4039 2
381 11420 6088 3989 4019 5660 2
382 11445 5812 4039 3629 6014 1
383 11480 6747 6062 6140 5660 2
384 11512 4359 5832 4009 5872 2
385 11537 4019 3637 5862 6050 1
386 11565 7077 6064 4473 4039 2
387 11599 4349 5842 4009 3629 2
388 11626 4029 4039 5660 6044 1
389 11658 6747 4423 4483 4059 2
390 11689 4435 5842 4029 5862 2
391 11715 4019 5652 5660 4291 1
392 11742 6747 4433 6132 4059 2
393 11773 4387 5842 5832 4059 2
394 11800 3989 3629 5652 6018 1
395 11831 7077 4431 6156 5652 2
396 11862 4405 4019 5812 3637 2
397 11888 5842 5872 4059 4265 1
398 11913 6747 4349 6138 3637 2
399 11946 4423 4029 4009 3629 2
400 11972 5812 5652 5872 6022 1
401 12002 6747 4423 4527 5660 2
402 12035 4425 3999 5832 4059 2
403 12064 4029 3629 5652 4337 1
404 12099 6747 4407 6168 3637 2
405 12133 4387 5852 5852 3645 2
406 12161 5842 5652 5872 4257 1
407 12196 6747 4379 4485 4039 2
408 12227 4355 4019 5822 5872 2
409 12257 3989 5862 4049 4301 1
410 12286 7077 4409 4457 5660 2
411 12321 6094 5852 5832 4049 2
412 12348 5852 3637 4039 4337 1
413 12382 6747 6074 4495 5652 2
414 12417 6088 3989 3999 3637 2
415 12444 4019 4059 4039 4337 1
416 12473 6747 6098 4503 5652 2
417 12508 4353 5842 3989 4059 2
418 12534 3989 4049 5660 6012 1
419 12568 7077 4373 4521 4039 2
420 12598 4385 3989 5842 3629 2
421 12625 5852 5872 3645 4309 1
422 12650 6747 4363 6136 3637 2
423 12681 6066 5842 5852 5872 2
424 12709 5812 4049 3645 6022 1
425 12737 6747 4429 6134 3645 2
426 12771 4351 5812 4019 3637 2
427 12799 3999 3637 3629 4261 1
428 12829 7077 4363 6566 3629 2
429 12861 4375 4029 3999 3645 2
430 12890 5852 5660 3645 4285 1
431 12924 7077 4421 4529 4059 2
432 12954 6094 4009 5832 4039 2
433 12979 5832 3645 3645 6036 1
434 13011 7077 6074 6158 3637 2
435 13046 4375 4029 5842 3645 2
436 13072 5852 4049 4039 4335 1
437 13105 6747 6068 4481 3629 2
438 13135 4363 4009 5822 5660 2
439 13162 4019 3645 5652 6012 1
440 13188 6747 4389 4529 4039 2
441 13221 4363 4009 5812 5872 2
442 13246 4009 4049 5660 6026 1
443 13280 7077 6068 4457 3629 2
444 13314 4405 4019 4009 4049 2
445 13342 4029 5660 4059 4303 1
446 13369 6747 4379 6564 3637 2
447 13401 4383 5822 4019 5862 2
448 13426 5822 4039 3629 4293 1
449 13451 6747 4421 6144 3637 2
450 13485 4381 3999 5842 3629 2
451 13515 4009 4049 3637 4339 1
452 13550 6747 4409 6146 3637 2
453 13581 6068 3999 5852 3645 2
454 13611 3999 4049 5660 4337 1
455 13640 6747 4429 6160 5862 2
456 13673 4363 4009 4009 3629 2
457 13701 5842 5652 5872 6018 1
458 13727 7077 4381 6146 4049 2
459 13758 6088 5842 5832 4059 2
460 13786 5812 5660 3629 4315 1
461 13820 6747 4403 4501 5660 2
462 13854 4403 5832 5852 4049 2
463 13883 5852 3629 4049 4311 1
464 13913 6747 6098 4499 5660 2
465 13948 6084 5822 5852 5660 2
466 13973 4009 5660 5862 4315 1
467 14005 7077 4353 4459 5652 2
468 14037 4375 5822 4029 5862 2
469 14064 4019 3645 3629 4325 1
470 14094 6747 6092 4479 3637 2
471 14124 4397 5822 3989 5652 2
472 14149 5852 5660 4039 6046 1
473 14174 6747 4435 4523 5862 2
474 14205 4385 5842 4019 4059 2
475 14231 5842 4059 3629 4331 1
476 14265 7077 6090 6140 3629 2
477 14300 4427 3989 5832 4059 2
478 14328 5822 5660 4039 4287 1
479 14362 7077 4387 4471 4059 2
480 14397 4357 5852 5842 3629 2
481 14423 5832 4049 4059 6012 1
482 14451 7077 4429 6160 5652 2
483 14485 6098 3999 5852 5660 2
484 14514 5842 5872 3629 6020 1
485 14540 7077 4357 4519 5660 2
486 14570 4373 5832 5842 3629 2
487 14600 4009 5862 3629 4301 1
488 14626 7077 4375 4483 5652 2
489 14658 4363 4009 5832 5862 2
490 14683 5832 5660 5652 6024 1
491 14716 7077 4389 4451 4039 2
492 14748 4363 4009 5812 4059 2
493 14775 3989 5660 5652 4301 1
494 14803 7077 4357 4505 5872 2
495 14833 4423 5832 4019 3645 2
496 14860 4019 3637 3637 4327 1
497 14890 6747 6068 4519 4059 2
498 14920 6084 5852 4009 4049 2
499 14948 5852 4059 5862 4305 1
500 14983 6747 6090 6136 3645 2
501 15018 4349 5812 5822 4049 2
502 15047 5842 4059 5660 4301 1
503 15080 7077 6092 4517 3637 2
504 15114 4401 5832 5822 3629 2
505 15143 5842 4039 5660 6048 1
506 15172 7077 4401 4529 3637 2
507 15203 4425 5822 4019 5652 2
508 15229 4009 3637 5862 4291 1
509 15262 6747 4363 4477 3645 2
510 15293 4435 3999 4029 3637 2
511 15323 4019 4059 4039 4281 1
512 15351 6747 4403 4455 5660 2
513 15386 4377 5812 5852 5652 2
514 15413 5832 3645 3629 4303 1
515 15441 6747 4389 4449 5652 2
516 15476 6098 5852 3989 5660 2
517 15503 4009 3637 5652 6014 1
518 15535 6747 4375 4519 3645 2
519 15566 4399 5832 5822 4059 2
520 15591 3999 4059 5872 6016 1
521 15620 6747 4423 4519 5872 2
522 15651 6066 3999 3999 5872 2
523 15676 3989 5872 4039 4255 1
524 15710 6747 4437 4519 5660 2
525 15745 6092 5822 4009 3645 2
526 15772 5852 5660 3645 4341 1
527 15806 6747 4381 4447 4039 2
528 15837 4423 5842 4009 3637 2
529 15863 4009 4059 5652 4311 1
530 15894 6747 6086 4483 5652 2
531 15925 4411 5832 4029 5872 2
532 15955 5822 3629 4039 4311 1
533 15986 6747 4351 4485 5652 2
534 16020 6096 5852 3999 5652 2
535 16049 4009 3637 5862 4333 1
536 16080 7077 4375 4469 3645 2
537 16114 4353 5852 3989 3637 2
538 16139 4019 5660 3645 4301 1
539 16168 6747 4383 4469 4059 2
540 16198 4429 4029 4029 4059 2
541 16223 3989 4049 5872 4309 1
542 16258 6747 4355 4485 5660 2
543 16289 6088 5852 4009 4049 2
544 16315 5822 5660 3645 4277 1
545 16341 6747 6068 6160 3629 2
546 16374 6062 4019 5822 4039 2
547 16402 5852 4059 4059 4263 1
548 16427 7077 6096 4523 4059 2
549 16458 4363 3999 3999 5652 2
550 16484 4009 5652 4039 4337 1
551 16518 7077 6070 4481 5862 2
552 16553 4381 3989 5832 3645 2
553 16580 3999 4059 4049 4293 1
554 16612 7077 4389 4523 3629 2
555 16643 4353 5832 3989 5660 2
556 16672 5842 4059 5652 4337 1
557 16706 7077 6092 4495 3629 2
558 16738 4359 4009 3989 4039 2
559 16766 5842 5652 4039 6016 1
560 16796 7077 4373 4477 4049 2
561 16826 6062 3999 5832 4039 2
562 16855 5842 4059 5862 4285 1
563 16883 6747 4423 6158 4049 2
564 16917 4429 5832 5842 3637 2
565 16944 3999 4039 4049 4325 1
566 16977 7077 4353 4445 3645 2
567 17007 6096 4019 4009 5862 2
568 17035 4019 4039 3645 4327 1
569 17062 7077 4357 6132 4039 2
570 17092 4401 5812 4029 5652 2
571 17119 4019 5652 4039 6012 1
572 17152 6747 6094 4447 3637 2
573 17184 4361 4029 4029 3637 2
574 17211 3989 3645 4039 6044 1
575 17236 7077 6094 4527 3645 2
576 17268 4407 5812 3999 5652 2
577 17296 5822 5872 3637 4265 1
578 17327 6747 6066 4519 5872 2
579 17359 4433 5812 3999 5862 2
580 17385 4029 4039 5872 4293 1
581 17420 7077 4431 6168 3637 2
582 17453 4423 5852 3999 4039 2
583 17479 4019 4049 5660 6048 1
584 17506 6747 4435 4459 4059 2
585 17540 4359 4019 4019 3645 2
586 17568 4009 3637 4049 4277 1
587 17593 6747 4363 4445 4059 2
588 17624 4437 4029 3989 3629 2
589 17651 5832 5862 4059 4283 1
590 17682 7077 4349 4457 5652 2
591 17714 4385 3999 4029 5652 2
592 17742 4009 5872 4049 6042 1
593 17767 7077 6074 4521 5660 2
594 17800 4437 3999 5842 4059 2
595 17828 3999 5652 3637 4301 1
596 17860 6747 6074 4529 3645 2
597 17894 6062 3989 3989 3645 2
598 17919 3999 3637 5652 4311 1
599 17948 6747 4357 4499 4049 2
600 17983 4381 4029 5842 5872 2
601 18013 3999 5652 4059 4339 1
602 18045 7077 4389 6136 3645 2
603 18075 4437 5832 5842 5872 2
604 18102 5852 5660 3629 4281 1
605 18133 6747 4389 6144 5872 2
606 18163 4427 4019 3989 4049 2
607 18193 5852 3629 3645 6036 1
608 18218 6747 6094 4483 5872 2
609 18252 6094 4029 5842 4039 2
610 18282 4019 5652 5862 4257 1
611 18309 6747 4425 4501 3637 2
612 18339 4377 4019 5852 3645 2
613 18365 5822 5652 3645 4253 1
614 18398 7077 4351 4523 4039 2
615 18430 4431 5822 4009 5862 2
616 18456 5832 5862 5660 4289 1
617 18487 6747 4425 4523 5862 2
618 18517 4425 3999 3999 3629 2
619 18545 5832 4059 5660 4325 1
620 18570 7077 4421 6134 3637 2
621 18603 4427 4029 4029 3629 2
622 18629 5822 3629 5652 6018 1
623 18660 7077 4429 4451 5652 2
624 18692 6092 5832 5822 3629 2
625 18717 5842 5872 3637 4289 1
626 18742 7077 4375 4497 3629 2
627 18776 4387 3989 5822 3629 2
628 18805 4029 4049 5872 4311 1
629 18839 6747 4383 4519 5660 2
630 18873 4351 5832 5812 4039 2
631 18900 5832 3645 5862 6048 1
632 18926 7077 4353 4507 3645 2
633 18956 4353 4029 4019 4049 2
634 18983 4029 4049 3629 4333 1
635 19017 7077 4353 6146 5862 2
636 19049 4353 4009 3999 3645 2
637 19076 3989 5652 4049 4309 1
638 19103 7077 6072 4459 3629 2
639 19135 4405 3989 4029 3645 2
640 19162 4019 3645 3645 4259 1
641 19189 7077 4387 6166 3637 2
642 19223 4379 3989 5852 3645 2
643 19250 3999 4039 5652 6038 1
644 19278 7077 4411 6134 4059 2
645 19311 6070 4009 5842 5862 2
646 19338 5842 3629 3629 6022 1
647 19364 7077 4425 4481 5872 2
648 19399 4349 5822 5822 5862 2
649 19424 5842 3645 3629 6018 1
650 19455 7077 4433 6566 5872 2
651 19488 4397 5852 5842 5862 2
652 19517 5812 4039 4059 4263 1
653 19548 6747 4399 4483 3645 2
654 19582 4383 5852 3999 5862 2
655 19608 4009 3629 3637 4255 1
656 19635 7077 6098 4483 5660 2
657 19665 4383 3999 3989 5660 2
658 19690 4019 3637 4049 6042 1
659 19718 6747 4377 4503 5872 2
660 19752 6066 4009 5822 5862 2
661 19781 5852 5862 5660 6016 1
662 19807 7077 4349 6138 3645 2
663 19837 4429 4029 5812 4039 2
664 19862 5812 4059 4059 4303 1
665 19895 7077 6062 4481 3629 2
666 19927 4357 4019 5822 5862 2
667 19953 5832 4039 5862 4261 1
668 19981 7077 6086 4473 4049 2
669 20012 4381 5852 4019 4049 2
670 20037 5842 3645 3637 4277 1
671 20063 6747 4403 4445 4049 2
672 20097 6096 5852 5812 5660 2
673 20126 5812 3637 5660 6040 1
674 20160 7077 4355 4449 5652 2
675 20194 6074 4009 3999 5660 2
676 20219 5852 3629 3645 6024 1
677 20252 7077 6064 4485 5652 2
678 20284 4375 5842 3999 4039 2
679 20313 3999 5862 5652 6024 1
680 20340 6747 4353 4523 3637 2
681 20372 6072 3999 5812 5872 2
682 20402 5852 5652 3629 4303 1
683 20431 7077 6086 6136 3645 2
684 20465 4427 3989 5852 3645 2
685 20492 4029 4059 3637 4293 1
686 20525 7077 4351 4507 4039 2
687 20559 4401 4019 5852 4049 2
688 20586 4009 4059 5652 4277 1
689 20617 7077 4405 6170 4059 2
690 20649 4389 3989 5812 4039 2
691 20677 5822 3645 4059 6012 1
692 20710 7077 6066 6136 5660 2
693 20745 6064 5822 5842 4049 2
694 20775 4019 5862 5652 4331 1
695 20808 6747 6086 4493 4039 2
696 20838 4425 4029 5842 4049 2
697 20867 5822 3637 4059 6016 1
698 20901 6747 6088 4485 3637 2
699 20932 4373 5812 5852 3637 2
700 20960 3999 5862 3645 4333 1
701 20987 6747 4351 4445 5872 2
702 21022 4433 4029 3989 5652 2
703 21052 3989 4059 3637 4325 1
704 21077 6747 4401 4523 4049 2
705 21109 4385 4019 3999 3645 2
706 21134 5842 4049 4039 4315 1
707 21168 6747 4359 4469 5862 2
708 21198 6062 3999 4029 4039 2
709 21228 5822 5660 5652 6024 1
710 21258 7077 4379 4503 5872 2
711 21288 6094 4029 5832 3637 2
712 21318 5822 3645 4049 6042 1
713 21343 6747 4377 4449 3629 2
714 21376 4385 5852 5852 3645 2
715 21401 4009 5862 3629 6048 1
716 21428 7077 4361 4449 4059 2
717 21462 6060 3999 5852 5660 2
718 21489 4019 4059 3645 6036 1
719 21520 7077 4437 6564 4039 2
720 21555 4359 3989 5812 5652 2
721 21583 5852 3629 5862 6026 1
722 21614 7077 4349 4469 3629 2
723 21646 6084 5852 5812 5660 2
724 21676 3999 5652 4049 4267 1
725 21710 7077 4407 4525 5862 2
726 21745 6062 5812 3999 5862 2
727 21775 5812 5862 4059 6048 1
728 21808 7077 4399 4453 4059 2
729 21843 4421 4009 3999 5660 2
730 21868 5842 4039 5872 4331 1
731 21901 6747 4349 6158 5660 2
732 21931 6094 5852 5832 4059 2
733 21956 5822 3637 3637 6024 1
734 21981 6747 4355 4495 3629 2
735 22013 4387 3999 5842 5862 2
736 22038 5842 3637 4049 4265 1
737 22065 6747 4407 6138 5862 2
738 22099 4429 5842 5832 5660 2
739 22126 4019 3629 5652 4277 1
740 22159 6747 6066 4521 4039 2
741 22192 4377 5842 5822 5872 2
742 22219 4019 5652 3637 6042 1
743 22248 7077 4377 6136 3637 2
744 22281 4359 5822 5832 5660 2
745 22307 5852 5652 4039 4281 1
746 22336 6747 6088 4453 3629 2
747 22368 6060 4019 3999 5660 2
748 22395 3989 5652 5652 4279 1
749 22426 7077 4377 4469 5872 2
750 22461 4361 5812 5832 3637 2
751 22488 4019 3629 4059 6020 1
752 22513 7077 4433 6134 5652 2
753 22544 4401 5822 5842 5660 2
754 22574 4019 4049 5652 4335 1
755 22599 7077 4385 6134 3629 2
756 22631 4373 5852 4019 4059 2
757 22658 4009 3645 4039 4283 1
758 22691 6747 4435 4459 5872 2
759 22721 4401 4009 3999 3645 2
760 22750 5822 4039 5652 4313 1
761 22785 7077 4427 4485 5872 2
762 22816 4427 3999 5822 3629 2
763 22845 4029 5872 5652 4341 1
764 22878 6747 4433 6168 3637 2
765 22911 4361 5852 4019 5652 2
766 22939 3989 5660 3637 6026 1
767 22966 7077 6074 6170 4039 2
768 22998 6090 4029 4019 4039 2
769 23024 4009 4039 3629 4279 1
770 23054 7077 4399 4523 3637 2
771 23088 4379 5822 5812 4049 2
772 23117 5822 3629 3637 4339 1
773 23152 7077 6090 6164 3629 2
774 23183 4379 5842 3989 5862 2
775 23213 5822 4049 3637 4285 1
776 23238 7077 4429 4475 4049 2
777 23268 4383 5832 3989 5652 2
778 23298 5832 5660 5652 4293 1
779 23332 7077 6086 4519 5660 2
780 23362 4405 5852 3999 3629 2
781 23387 5812 4059 5652 4261 1
782 23416 7077 4349 6564 5862 2
783 23449 6074 4019 5822 5652 2
784 23478 5852 3637 4049 4339 1
785 23508 6747 4435 4483 5652 2
786 23539 4397 5842 5852 5652 2
787 23568 5852 3637 5660 4259 1
788 23602 6747 4421 4503 5862 2
789 23636 6074 5812 5832 5862 2
790 23665 4029 3645 5660 4335 1
791 23691 7077 4353 6166 4049 2
792 23724 6070 4019 3999 4049 2
793 23752 4019 3645 3637 4303 1
794 23777 7077 4407 4477 4059 2
795 23809 4387 5832 5822 5660 2
796 23838 5842 4059 3629 4339 1
797 23866 7077 4355 4477 5652 2
798 23901 4379 4029 4009 3645 2
799 23930 5852 5652 5862 4331 1
800 23958 7077 4435 6564 5872 2
801 23988 4429 4029 4029 5862 2
802 24014 5822 3637 4039 4311 1
803 24049 7077 6092 4529 4059 2
804 24080 4397 5852 4029 5652 2
805 24107 5842 5862 4049 4311 1
806 24132 7077 4433 4507 4059 2
807 24165 6074 5842 3999 5652 2
808 24194 4019 5652 4039 6016 1
809 24221 7077 6084 4451 3629 2
810 24253 4377 5842 5822 3629 2
811 24281 5812 5652 5862 4315 1
812 24311 6747 4399 6158 4049 2
813 24345 6098 3989 3999 5652 2
814 24373 3989 5652 5652 6040 1
815 24403 6747 4409 4469 4059 2
816 24434 6064 4029 5852 5660 2
817 24459 4009 5872 3629 4265 1
818 24488 7077 4385 4453 3645 2
819 24518 4427 5822 3989 3629 2
820 24548 3989 5862 5872 4337 1
821 24583 6747 4387 6566 4049 2
822 24616 4425 3999 3999 3637 2
823 24645 5832 3637 4049 6050 1
824 24675 7077 6086 6138 5872 2
825 24708 4399 3989 3999 3645 2
826 24736 5842 5872 3629 4327 1
827 24768 6747 6064 4455 4049 2
828 24799 6060 4009 3989 4059 2
829 24825 5822 4039 3645 4307 1
830 24854 6747 4353 4453 4049 2
831 24887 6092 4019 4019 5862 2
832 24912 4029 3637 4049 6046 1
833 24944 6747 4423 4505 3645 2
834 24975 6098 5832 4029 3629 2
835 25002 4029 4039 4039 4305 1
836 25030 7077 6066 4483 3645 2
837 25061 4355 5842 3999 3637 2
838 25091 5852 3629 3637 4331 1
839 25120 7077 4399 6168 5660 2
840 25150 4363 3999 5852 3637 2
841 25176 3999 5652 3629 4265 1
842 25206 6747 4359 4457 3629 2
843 25241 4397 5812 3999 4049 2
844 25266 4009 5660 5872 4331 1
845 25301 6747 4401 4497 4049 2
846 25335 6094 3999 4019 5660 2
847 25360 4019 4059 3629 6026 1
848 25388 7077 6084 4525 4059 2
849 25423 6094 3999 4009 4039 2
850 25448 5852 5872 4039 6036 1
851 25473 6747 4389 4477 4059 2
852 25504 4403 3989 3999 5872 2
853 25531 4029 4049 4059 4327 1
854 25566 7077 6066 4497 5872 2
855 25601 4379 4009 5842 4059 2
856 25630 3999 3629 5862 4305 1
857 25660 6747 6074 4455 4049 2
858 25694 4437 5822 4009 5872 2
859 25721 3989 3645 5862 6024 1
860 25751 7077 4361 4485 3637 2
861 25784 6070 3989 4029 5862 2
862 25809 4009 3645 5652 6040 1
863 25842 7077 6086 6144 5652 2
864 25872 4405 3999 4029 4059 2
865 25902 5842 4049 3629 6038 1
866 25931 6747 4433 4527 3645 2
867 25961 4405 4019 5822 3645 2
868 25990 3989 5652 3629 4341 1
869 26015 7077 4373 4449 4049 2
870 26046 4357 5852 4019 4059 2
871 26074 3989 5872 3645 4257 1
872 26099 7077 6068 4517 3637 2
873 26134 4411 5822 5852 5862 2
874 26161 4009 4049 5862 4265 1
875 26193 6747 4405 4521 5652 2
876 26226 4407 3999 4009 3645 2
877 26251 5832 4059 5862 4301 1
878 26282 6747 6062 4477 3629 2
879 26315 4425 5812 5812 5872 2
880 26341 5812 4039 3629 4263 1
881 26374 6747 4407 4475 4059 2
882 26407 6070 3989 5832 3637 2
883 26436 5822 3629 4049 6046 1
884 26470 7077 4379 4455 4039 2
885 26501 6070 3989 5812 4049 2
886 26528 5842 3645 4039 4293 1
887 26561 7077 6070 4471 5660 2
888 26595 4409 5852 5852 5872 2
889 26622 4009 5660 4059 4291 1
890 26656 7077 6092 6138 3637 2
891 26687 4359 4019 4029 3637 2
892 26716 3989 4049 3629 4265 1
893 26746 7077 4429 4529 4059 2
894 26780 4361 3999 4019 5652 2
895 26808 5832 5872 4049 4267 1
896 26840 7077 4431 6162 4039 2
897 26870 4433 5822 5832 3645 2
898 26897 4009 4049 4049 4291 1
899 26922 7077 4423 4523 4059 2
900 26952 6084 5832 5832 5872 2
