1 34 5822 3645 5862 4325 1
2 68 6747 4351 6158 5862 2
3 94 4383 3989 4029 4059 2
4 126 5852 5660 4059 4307 1
5 160 6747 6062 4481 5872 2
6 188 4385 5832 4019 5862 2
7 221 3989 5862 5862 4341 1
8 251 7077 6094 6156 5660 2
9 279 6084 5812 5852 4039 2
10 311 5842 4049 3645 4303 1
11 346 6747 4431 4483 4039 2
12 377 4379 5852 4009 4039 2
13 411 3989 4059 5872 4283 1
14 445 7077 4373 6564 4059 2
15 471 4359 5852 4019 5660 2
16 504 4029 5660 3637 6044 1
17 536 6747 4373 4475 3629 2
18 568 4403 3989 4019 4049 2
19 601 5812 5652 5660 4285 1
20 632 7077 4361 4519 4059 2
21 657 4355 3989 5822 5862 2
22 690 5812 3637 5872 4283 1
23 725 7077 6064 6146 5862 2
24 750 4431 3999 5852 5862 2
25 785 3999 3637 4049 4329 1
26 816 6747 4355 6158 4039 2
27 851 6064 4019 5822 4039 2
28 882 5832 3637 4059 4337 1
29 914 7077 4353 4499 4059 2
30 985 6092 5852 5842 4059 2
31 999 4363 3989 4009 4049 2
32 1010 7077 4381 4447 3629 2
33 1042 4375 3999 5842 5872 2
34 1076 4019 4059 4049 4307 1
35 1107 6747 4431 4481 3645 2
36 1135 4427 4009 4009 3637 2
37 1168 5842 5872 3637 4255 1
38 1203 7077 6074 6566 4049 2
39 1238 4357 5812 3999 4039 2
40 1273 5842 5660 4049 6024 1
41 1304 7077 4389 4455 4049 2
42 1333 6070 4019 4029 4059 2
43 1367 5852 3629 3637 6040 1
44 1399 7077 4429 4481 4039 2
45 1426 4381 5842 4019 3629 2
46 1457 4009 3637 3645 6046 1
47 1488 6747 4409 6158 5872 2
48 1521 4387 5852 5812 5862 2
49 1552 3989 3637 4049 4301 1
50 1586 7077 4359 4501 5872 2
51 1613 4363 3989 4009 4049 2
52 1644 5852 4039 3629 4287 1
53 1679 6747 4377 4457 5652 2
54 1710 6086 5832 4029 5652 2
55 1721 4401 5822 5832 5652 2
56 1753 3989 4039 3637 4257 1
57 1799 4379 5832 5852 5660 2
58 1832 3999 4049 3637 4331 1
59 1862 7077 4405 4471 5652 2
60 1897 6084 5822 5832 4049 2
61 1930 5842 3637 4039 4293 1
62 1962 7077 6092 4503 3629 2
63 1993 6090 4029 3989 3645 2
64 2028 5812 3629 4039 6012 1
65 2061 6747 4351 6134 4059 2
66 2093 4437 5832 4019 3629 2
67 2108 7077 4431 6146 4049 2
68 2162 6747 4383 6142 4049 2
69 2191 4355 4029 5822 4049 2
70 2224 5812 5652 3629 4277 1
71 2256 7077 6086 4507 3629 2
72 2281 4363 5852 4029 4049 2
73 2315 3999 5872 5660 4253 1
74 2345 7077 4431 6146 4049 2
75 2379 4433 5822 3989 3629 2
76 2414 3999 5872 4049 4263 1
77 2468 4355 4029 5822 4049 2
78 2480 4405 5812 5852 4039 2
79 2510 3989 3629 5862 4335 1
80 2542 7077 6062 4527 3629 2
81 2573 4357 4019 4009 5660 2
82 2608 4029 5862 5660 4291 1
83 2643 7077 4351 4495 5862 2
84 2668 4377 5812 3989 4039 2
85 2699 3999 4059 3637 4301 1
86 2733 6747 4431 6566 4049 2
87 2764 4361 4009 4009 5660 2
88 2798 5832 5652 3645 6038 1
89 2832 7077 6062 4475 5652 2
90 2858 4363 5822 5822 5652 2
91 2890 5812 4059 5872 4291 1
92 2925 7077 4429 4445 5872 2
93 2954 4399 5822 4029 5652 2
94 2986 5822 4049 3637 6022 1
95 3017 6747 4425 6156 5872 2
96 3051 4411 5842 5842 5862 2
97 3081 5822 5660 3637 4325 1
98 3114 6747 4397 6168 3629 2
99 3145 4431 3999 3989 5660 2
100 3178 5842 3629 3637 4263 1
101 3210 7077 4435 6142 3629 2
102 3243 4433 5832 3999 3637 2
103 3273 3989 5660 4039 4339 1
104 3304 6747 4385 6156 3637 2
105 3338 4385 4019 4019 3645 2
106 3373 5842 5862 3645 4281 1
107 3405 6747 4437 4457 4059 2
108 3430 4357 5852 5822 3637 2
109 3464 4019 3629 5872 4263 1
110 3495 7077 6060 6142 4059 2
111 3526 6094 4019 4009 5872 2
112 3559 3999 5862 3629 4291 1
113 3594 6747 4435 6132 3629 2
114 3622 4405 4009 5852 4039 2
115 3656 4029 5872 5652 4309 1
116 3691 6747 4433 6168 5660 2
117 3716 6072 3999 5822 4039 2
118 3747 3999 4039 5862 4257 1
119 3781 7077 4353 6132 4059 2
120 3809 4429 4019 4019 5862 2
121 3842 5842 3629 5862 6020 1
122 3872 6747 4405 4449 3629 2
123 3903 4435 5822 5842 5652 2
124 3937 3999 4059 3637 6026 1
125 3971 6747 4349 4527 5660 2
126 3996 4361 5822 5842 3645 2
127 4027 5822 5872 4039 6024 1
128 4061 6747 4389 4469 3645 2
129 4094 4373 3989 5822 4049 2
130 4129 3989 3637 5872 6022 1
131 4163 7077 4407 4455 4049 2
132 4190 6062 4019 4029 3629 2
133 4223 4019 5652 5652 4337 1
134 4253 7077 4435 4469 5862 2
135 4279 6098 3999 4009 4039 2
136 4313 4009 3645 5862 4313 1
137 4344 7077 6098 4501 3637 2
138 4370 6060 5832 4019 5660 2
139 4403 5822 3645 3645 4279 1
140 4434 7077 4423 6566 3645 2
141 4464 4387 5832 4019 4049 2
142 4494 4009 5652 5862 4291 1
143 4525 7077 6064 6162 5652 2
144 4558 4401 5852 5832 5862 2
145 4591 3999 5652 5862 4309 1
146 4623 7077 6090 4475 3637 2
147 4657 4427 3989 4029 4059 2
148 4692 5812 5652 4059 6018 1
149 4723 6747 4407 4505 3637 2
150 4755 6092 5852 5842 4059 2
151 4789 3989 4039 3637 4257 1
152 4824 6747 6060 6168 5660 2
153 4850 4355 3989 5852 5862 2
154 4884 3989 5660 4039 4283 1
155 4917 6747 4405 4483 5872 2
156 4947 6088 4019 5832 4049 2
157 4978 4019 3629 5872 4293 1
158 5010 6747 4363 4479 3629 2
159 5040 6066 4019 3999 3629 2
160 5074 5812 5660 3637 4339 1
161 5105 7077 4421 4469 5862 2
162 5135 4379 5822 3989 5872 2
163 5165 5832 3645 5872 6018 1
164 5195 6747 4423 4497 5652 2
165 5228 6098 5842 4029 4049 2
166 5262 5812 4059 5862 4289 1
167 5293 6747 4363 4525 4059 2
168 5324 4399 3989 5842 3645 2
169 5359 5822 5872 3629 4309 1
170 5392 7077 6074 6134 5660 2
171 5427 6094 5852 5812 5872 2
172 5462 5852 5872 5660 4291 1
173 5495 7077 4435 6134 4059 2
174 5526 4355 4009 5822 4059 2
175 5560 4029 5652 4059 6016 1
176 5594 6747 4359 4523 4049 2
177 5623 4431 5842 3999 5660 2
178 5654 5832 5652 5652 6038 1
179 5686 6747 4421 4455 4039 2
180 5718 4409 4009 4019 4059 2
181 5750 5822 4059 5862 4285 1
182 5784 6747 6060 4501 5652 2
183 5810 4375 5852 4019 3629 2
184 5843 5852 3629 3645 6016 1
185 5873 7077 6062 4449 3637 2
186 5906 4401 5822 5832 5652 2
187 5937 3999 3645 5862 4339 1
188 5971 6747 4403 4483 3629 2
189 5996 4433 3999 5812 3637 2
190 6028 5852 5872 4049 6024 1
191 6061 7077 4431 4505 3629 2
192 6096 4421 5832 5812 5652 2
193 6127 4019 5652 4039 4285 1
194 6162 6747 4435 6164 4059 2
195 6192 6096 3989 5842 3645 2
196 6223 5822 5862 3629 4333 1
197 6253 6747 6096 4479 3637 2
198 6285 4401 5842 5832 5660 2
199 6318 4029 3645 5652 4327 1
200 6348 6747 6096 6160 3629 2
201 6373 4373 5852 5842 3629 2
202 6405 4029 5872 3637 4309 1
203 6436 6747 4433 4517 3629 2
204 6466 4407 4029 5852 5652 2
205 6499 3999 4049 4059 4327 1
206 6533 6747 4403 4459 4049 2
207 6566 4351 5812 5842 5862 2
208 6599 5812 5652 3645 4331 1
209 6634 6747 4375 4519 5660 2
210 6667 4377 4009 5852 4049 2
211 6702 4019 5652 5660 4255 1
212 6734 6747 4409 4481 5660 2
213 6769 6086 4009 4009 3637 2
214 6802 3989 5660 4049 4301 1
215 6834 7077 4349 4521 5660 2
216 6860 4431 5822 3999 3629 2
217 6894 5812 3637 3629 4289 1
218 6927 7077 4437 6142 4059 2
219 6952 6094 5842 5842 3629 2
220 6986 5832 5652 5872 6022 1
221 7019 7077 6086 4519 5660 2
222 7052 4387 4029 5842 5872 2
223 7083 5852 5652 5862 4309 1
224 7116 6747 6092 6162 4059 2
225 7146 4421 4029 5812 4049 2
226 7177 4009 5862 5872 4289 1
227 7209 6747 4349 4471 5862 2
228 7244 4379 5812 4019 4059 2
229 7276 5852 5862 4039 4325 1
230 7308 7077 6094 6160 4039 2
231 7334 6094 3999 5842 4039 2
232 7367 5852 4059 5660 4339 1
233 7402 7077 4397 4455 4039 2
234 7428 4411 5852 5822 3629 2
235 7462 4009 4039 5660 6016 1
236 7493 7077 6096 6160 4039 2
237 7519 4377 4019 4019 5660 2
238 7552 5852 3637 4049 6038 1
239 7585 6747 4353 6156 5660 2
240 7616 4429 5852 5812 4049 2
241 7646 5832 5862 5872 4341 1
242 7676 6747 6066 6166 3637 2
243 7704 6060 5822 5832 4049 2
244 7735 5832 3637 5652 6012 1
245 7765 7077 4423 4521 4039 2
246 7791 4425 4029 4009 5660 2
247 7823 3989 3629 5652 4327 1
248 7857 7077 4357 4473 4039 2
249 7891 4401 4009 5812 5652 2
250 7926 4019 5660 4039 4283 1
251 7956 6747 4405 6140 3629 2
252 7982 4401 5832 5822 5862 2
253 8014 5812 5862 3645 4255 1
254 8044 6747 6084 4445 5652 2
255 8078 4383 4019 4009 4039 2
256 8112 3999 3629 3637 4305 1
257 8146 7077 6064 6146 4039 2
258 8171 6066 3989 3989 4059 2
259 8201 4009 3645 5872 6046 1
260 8233 7077 4421 6160 3629 2
261 8261 6064 5842 3989 4049 2
262 8296 4029 4049 4039 4331 1
263 8328 7077 4409 6164 3637 2
264 8363 4361 4009 5852 4049 2
265 8394 4029 5872 5652 6014 1
266 8427 6747 6084 4495 5660 2
267 8462 6062 5822 4009 3637 2
268 8496 4019 3629 5660 4301 1
269 8527 7077 6092 4473 3637 2
270 8556 4375 3989 4009 3637 2
271 8591 3999 5862 5872 6012 1
272 8625 7077 6066 4445 5652 2
273 8650 6074 5852 3999 3645 2
274 8682 5842 5862 3637 4331 1
275 8717 7077 4381 6160 4039 2
276 8746 6068 4019 3999 5660 2
277 8778 4019 4059 5652 4255 1
278 8811 7077 4429 4459 4039 2
279 8836 6090 5812 5822 4049 2
280 8870 5842 5652 4049 4255 1
281 8903 7077 4405 4455 4039 2
282 8938 4379 5832 5842 5872 2
283 8970 5822 5652 5660 6040 1
284 9002 7077 6086 6170 3637 2
285 9029 4353 5812 5842 4039 2
286 9060 5812 4049 3645 4337 1
287 9093 7077 6074 6162 4059 2
288 9123 6064 5842 5822 5862 2
289 9154 4029 3645 5872 4311 1
290 9187 6747 6096 4485 4039 2
291 9216 4407 5842 4029 4059 2
292 9246 3999 4039 5652 4325 1
293 9280 7077 6066 4471 5652 2
294 9313 4359 4009 4009 4059 2
295 9348 4029 3645 3645 4265 1
296 9380 6747 4399 4527 3629 2
297 9405 6096 5812 5812 5660 2
298 9440 3989 3637 3629 6022 1
299 9471 6747 4437 4475 5862 2
300 9496 4389 4019 5842 5660 2
301 9528 4019 3637 4049 4267 1
302 9563 6747 6090 6146 3629 2
303 9591 4385 5852 5832 4059 2
304 9623 3989 4059 3645 6024 1
305 9654 6747 4397 4481 4039 2
306 9682 6072 4019 5832 4059 2
307 9716 5832 4049 3637 4285 1
308 9751 6747 4375 4523 4059 2
309 9786 4399 5812 3999 4059 2
310 9816 4029 5862 4039 4279 1
311 9846 6747 6066 4525 5872 2
312 9880 4383 5842 3989 5862 2
313 9910 4029 4049 4049 4309 1
314 9943 6747 4411 6140 3629 2
315 9976 6084 4019 4029 3637 2
316 10011 4019 3637 4049 4327 1
317 10046 6747 4387 6134 4039 2
318 10078 4383 4009 5852 5862 2
319 10109 3989 4039 3629 4329 1
320 10139 7077 4381 4469 5660 2
321 10170 4401 5812 5832 5862 2
322 10200 5822 5660 3645 6036 1
323 10233 7077 6098 4451 3637 2
324 10263 4349 5842 5842 5862 2
325 10297 5812 5660 4059 6016 1
326 10330 7077 4361 4449 4049 2
327 10359 4435 4019 4029 4059 2
328 10390 3999 4039 4039 4339 1
329 10423 6747 4359 4507 3629 2
330 10454 6070 5832 5832 5660 2
331 10488 4009 5862 4059 4309 1
332 10519 6747 4383 4453 4039 2
333 10544 6088 3999 3999 4049 2
334 10579 5822 4049 3645 6048 1
335 10612 6747 4431 6156 5862 2
336 10646 4349 4019 5852 3637 2
337 10678 5812 5660 4059 4255 1
338 10709 6747 6066 4527 3629 2
339 10735 4409 5832 4009 5872 2
340 10767 4019 5872 5862 4309 1
341 10799 7077 6094 4447 4049 2
342 10825 4405 5842 5842 4039 2
343 10858 5852 3645 3637 4331 1
344 10891 6747 4385 6132 5660 2
345 10920 6064 4009 3989 4039 2
346 10955 5822 5660 5872 6036 1
347 10990 6747 6086 4449 4059 2
348 11016 6094 4029 3999 4059 2
349 11050 5822 5872 5660 4333 1
350 11082 7077 4423 4457 3645 2
351 11109 4389 4019 5842 5652 2
352 11140 4029 5872 5660 4315 1
353 11174 7077 6084 4529 3637 2
354 11206 4383 5832 5832 4059 2
355 11236 5852 5660 4039 4277 1
356 11266 6747 4373 4501 5652 2
357 11295 4349 5822 5832 5652 2
358 11327 4009 4059 5660 6024 1
359 11358 7077 4437 6166 4059 2
360 11387 4409 4009 5832 4039 2
361 11422 3999 4039 5862 4267 1
362 11455 6747 4381 4477 4049 2
363 11487 4355 5842 5842 3637 2
364 11517 3989 5872 5862 6042 1
365 11552 7077 4405 4525 4039 2
366 11586 4421 5812 5822 3629 2
367 11617 5812 5660 5862 4303 1
368 11650 6747 4379 4457 5660 2
369 11675 4377 3989 5842 3637 2
370 11709 4009 4059 5862 4257 1
371 11742 7077 6060 6146 5660 2
372 11771 6064 5852 5842 5660 2
373 11804 3989 3629 5862 4259 1
374 11834 7077 6086 4493 3645 2
375 11867 4437 5852 5842 4059 2
376 11901 3999 5652 3645 4267 1
377 11935 7077 4361 4469 3637 2
378 11968 4361 5832 4019 5660 2
379 12002 3999 3637 4059 4279 1
380 12034 6747 4409 4471 4039 2
381 12067 4357 4019 4019 5862 2
382 12100 5812 4059 5652 4257 1
383 12134 7077 6062 4455 5652 2
384 12168 6074 4019 4029 4039 2
385 12200 5822 5660 5862 4281 1
386 12235 7077 4433 4495 3645 2
387 12262 6084 5812 4019 5872 2
388 12293 3999 4049 4049 4253 1
389 12327 7077 6094 4529 3645 2
390 12352 6068 5842 5832 5652 2
391 12387 3999 5660 5872 4261 1
392 12417 7077 4407 4483 4049 2
393 12450 6094 4009 4019 5862 2
394 12482 5832 4059 5862 4267 1
395 12512 6747 4377 6168 3637 2
396 12544 4399 5832 3989 5862 2
397 12576 3999 4039 3629 4281 1
398 12607 6747 4409 4455 3637 2
399 12634 4349 4009 3989 4059 2
400 12669 4029 4039 5862 6044 1
401 12702 6747 4375 6564 4059 2
402 12732 6090 4019 4019 5862 2
403 12767 4029 3629 3629 4305 1
404 12801 6747 4375 6146 4039 2
405 12833 4389 5832 5822 3645 2
406 12866 5812 5660 4039 4287 1
407 12900 7077 6064 4493 4049 2
408 12930 4375 5812 5832 5872 2
409 12961 3999 5652 5872 4277 1
410 12996 7077 4387 4459 5652 2
411 13029 4383 5822 5842 5652 2
412 13063 5842 5862 3629 4265 1
413 13097 6747 4359 4507 5660 2
414 13123 4361 3999 5822 5660 2
415 13153 4029 5862 3637 4277 1
416 13183 6747 4421 6146 3645 2
417 13216 6062 3989 3999 4049 2
418 13251 5812 4039 4059 4339 1
419 13284 6747 4421 4493 4059 2
420 13314 4385 3999 4029 4049 2
421 13344 4009 5862 5652 6050 1
422 13379 6747 6090 6138 5652 2
423 13407 4427 5822 4019 4059 2
424 13439 3989 3637 5660 4311 1
425 13473 7077 6060 6140 5660 2
426 13503 4421 4009 5822 5872 2
427 13536 5852 5862 5660 6046 1
428 13568 7077 4433 4527 5862 2
429 13598 4383 3999 3989 5652 2
430 13632 5842 5652 5872 4307 1
431 13664 6747 4437 6162 5872 2
432 13697 4423 3989 4029 3637 2
433 13727 4009 3645 5652 4315 1
434 13760 6747 4373 4493 4059 2
435 13793 4357 5822 4019 5652 2
436 13827 3989 4049 5862 4327 1
437 13861 6747 4375 4493 3637 2
438 13891 4361 5842 4019 3629 2
439 13926 4009 4039 5652 4307 1
440 13957 7077 6062 4519 5862 2
441 13986 6084 4029 3989 4039 2
442 14016 4019 4059 4049 6038 1
443 14050 7077 6096 4485 4039 2
444 14085 4351 4019 5822 4049 2
445 14115 3989 3645 5660 4265 1
446 14149 7077 4421 4449 5862 2
447 14174 6096 4029 5812 3645 2
448 14204 5812 5862 3629 6020 1
449 14234 6747 4433 4517 5652 2
450 14269 4355 5852 5812 4049 2
451 14299 4019 3637 3629 6048 1
452 14334 6747 6092 4457 3645 2
453 14367 4351 5842 5832 3645 2
454 14400 3989 3645 5862 6040 1
455 14431 6747 4427 4493 5660 2
456 14464 4385 5842 4019 5652 2
457 14499 5852 5862 3645 4309 1
458 14532 7077 4423 4521 5660 2
459 14560 4399 5832 3989 3629 2
460 14591 5822 5872 3629 4309 1
461 14621 7077 4375 4451 5660 2
462 14652 4409 4019 5832 5862 2
463 14686 5852 3645 5872 4315 1
464 14717 7077 4399 6140 3637 2
465 14743 4381 5852 5812 3637 2
466 14776 5852 5660 4059 4259 1
467 14809 7077 4383 4459 4039 2
468 14835 4407 4029 5852 3629 2
469 14865 4009 3637 4059 6046 1
470 14898 6747 4409 6140 3637 2
471 14926 6064 4009 5832 5872 2
472 14958 3989 5872 5872 4311 1
473 14991 6747 4431 4455 5862 2
474 15025 4401 4029 4019 5652 2
475 15059 5832 3637 5862 6026 1
476 15091 6747 6088 4455 5872 2
477 15121 6092 4019 4029 4039 2
478 15152 3999 5862 3629 6026 1
479 15186 6747 4399 4449 4039 2
480 15217 4373 5832 3999 5652 2
481 15250 4009 3637 5862 6020 1
482 15284 6747 4361 4479 4049 2
483 15317 4425 4019 5852 4049 2
484 15349 5812 5872 4039 6044 1
485 15381 7077 4401 6138 4049 2
486 15407 6068 5812 3989 4039 2
487 15442 5822 3645 5660 6036 1
488 15473 6747 4353 6166 3629 2
489 15503 6096 4019 5812 4039 2
490 15535 5822 5862 4059 4307 1
491 15570 6747 4361 4459 3637 2
492 15597 4373 5822 4009 5660 2
493 15627 3989 3637 4049 4327 1
494 15662 6747 4379 4527 3629 2
495 15696 4355 4019 5812 3645 2
496 15727 5842 5872 5862 6012 1
497 15761 6747 6092 4475 3645 2
498 15793 6084 4019 5812 4059 2
499 15828 4029 5652 5872 4333 1
500 15862 6747 6062 4477 4039 2
501 15890 4427 4019 4029 4049 2
502 15923 5812 4049 5862 6042 1
503 15956 7077 4359 4499 5862 2
504 15982 4411 3999 4019 3645 2
505 16014 5852 5862 5652 4263 1
506 16044 7077 4399 6160 4059 2
507 16075 4423 3989 5812 3629 2
508 16109 4019 5660 4059 4311 1
509 16144 6747 4381 6168 4039 2
510 16174 4381 4009 4019 4049 2
511 16206 5842 4059 5862 6050 1
512 16240 6747 4351 6162 3645 2
513 16275 4349 5842 4029 5652 2
514 16307 5812 4039 5872 4311 1
515 16338 6747 4349 6166 5872 2
516 16366 4427 5822 5852 5862 2
517 16396 5852 5652 5652 6022 1
518 16431 6747 4403 6564 5660 2
519 16459 4363 4029 4029 4039 2
520 16490 5812 5652 3629 4329 1
521 16524 6747 4433 4473 5660 2
522 16556 4435 4019 5812 3629 2
523 16586 5842 4039 3637 4315 1
524 16616 7077 4357 4447 5660 2
525 16642 4363 5852 4009 5872 2
526 16674 4029 5652 5652 4341 1
527 16708 6747 6068 4445 4059 2
528 16740 6060 3989 5852 4049 2
529 16772 5852 3629 5652 4253 1
530 16807 6747 4385 4447 3637 2
531 16840 4359 3989 3999 3645 2
532 16870 4029 3629 5660 6038 1
533 16903 6747 6090 4447 3629 2
534 16936 4373 3989 5842 4059 2
535 16971 4009 3629 4059 6020 1
536 17002 6747 4387 4477 4059 2
537 17032 4381 4029 5812 5872 2
538 17065 4029 5862 5660 4341 1
539 17098 6747 4351 4447 3629 2
540 17129 6060 5852 4019 5652 2
541 17163 5852 5660 4039 4257 1
542 17195 7077 6066 6170 5862 2
543 17225 4355 5822 4029 4049 2
544 17260 4029 5862 3637 4279 1
545 17292 7077 4377 4483 4049 2
546 17321 4421 5822 5822 5872 2
547 17351 4009 5862 3645 4261 1
548 17383 6747 6070 4493 5872 2
549 17412 4361 5832 4019 3629 2
550 17445 5842 4049 3645 4305 1
551 17475 6747 4363 6158 4039 2
552 17510 4363 3999 3989 4049 2
553 17544 5842 3629 3629 6044 1
554 17577 6747 6098 6168 5652 2
555 17602 6072 4029 5852 4059 2
556 17634 4009 5872 5660 6014 1
557 17664 6747 4407 6166 3637 2
558 17697 6074 5812 4029 3629 2
559 17727 4019 5872 5862 4291 1
560 17762 6747 6090 4447 3637 2
561 17788 4423 5842 4029 5660 2
562 17822 3989 4059 5872 4291 1
563 17857 6747 4357 4523 5872 2
564 17892 6074 4019 4009 4039 2
565 17926 3999 4059 5872 6026 1
566 17961 7077 6066 4501 3637 2
567 17986 6086 5852 3989 5862 2
568 18019 3999 4059 5862 4325 1
569 18052 6747 4373 6168 4039 2
570 18087 4405 4029 5842 4039 2
571 18120 3999 5652 4059 6042 1
572 18152 7077 4351 4479 3645 2
573 18177 6084 5842 4019 5652 2
574 18207 5832 5660 4059 4315 1
575 18237 6747 4373 4507 5862 2
576 18269 4421 5812 3999 3629 2
577 18299 3989 3629 3629 6036 1
578 18332 6747 4423 4449 4049 2
579 18364 4421 5812 5812 5872 2
580 18394 4009 3645 3629 4335 1
581 18429 7077 6062 6156 4039 2
582 18461 6066 5832 4009 5862 2
583 18495 5842 5652 5660 4309 1
584 18526 7077 4375 6146 4039 2
585 18561 6064 4009 5832 5872 2
586 18596 3999 4059 3645 4309 1
587 18630 7077 4385 6564 4059 2
588 18663 4355 5842 3999 3629 2
589 18696 4019 4059 5862 4285 1
590 18726 6747 4425 4521 4039 2
591 18760 4359 3989 4009 5652 2
592 18793 5812 3629 3637 4313 1
593 18823 6747 6098 6564 5660 2
594 18854 4411 5852 4009 3637 2
595 18886 5812 3645 4059 4339 1
596 18919 6747 4403 6142 5872 2
597 18952 4437 5822 5852 3645 2
598 18982 5812 5862 5660 6022 1
599 19015 7077 4435 6156 4059 2
600 19048 4359 3999 5842 5862 2
601 19082 3989 5652 3629 4265 1
602 19117 7077 4407 4503 5652 2
603 19143 6086 4029 5842 5652 2
604 19176 3989 5872 5660 6016 1
605 19211 7077 6084 4499 3629 2
606 19243 4403 5832 4019 4059 2
607 19275 5842 5660 3645 4341 1
608 19305 6747 6066 4503 5660 2
609 19337 4377 4029 5822 5652 2
610 19369 5822 4039 3645 4279 1
611 19400 7077 4387 4517 4059 2
612 19427 6086 3989 5842 4059 2
613 19457 5822 5652 5652 4265 1
614 19490 7077 4383 4505 5862 2
615 19522 6060 5852 3999 5660 2
616 19553 5832 4039 3629 4293 1
617 19585 7077 4399 6564 5862 2
618 19620 4373 4009 5852 5660 2
619 19651 4019 4049 5652 4283 1
620 19684 6747 6068 4519 4059 2
621 19710 4373 5842 3999 4049 2
622 19742 5822 5660 5862 6024 1
623 19777 7077 6094 4471 3637 2
624 19810 6098 5852 4019 4049 2
625 19844 4029 3629 3637 6024 1
626 19878 6747 6086 6168 4049 2
627 19913 4435 4009 4019 4049 2
628 19943 4019 4039 3629 4285 1
629 19974 6747 4373 4479 3645 2
630 20000 6064 5812 4019 3629 2
631 20035 5852 3645 3637 4267 1
632 20070 7077 4435 6158 3629 2
633 20095 6074 5832 3989 5872 2
634 20126 3999 4039 4039 4301 1
635 20160 7077 4425 4457 4059 2
636 20189 4355 4029 4029 5862 2
637 20222 4019 3637 3629 4285 1
638 20253 7077 6094 4483 5862 2
639 20282 4361 4009 3989 4039 2
640 20314 5852 4049 3645 4305 1
641 20345 7077 4359 4483 3637 2
642 20376 6090 3999 3989 5862 2
643 20410 5842 3645 4039 6036 1
644 20443 6747 4379 6168 5862 2
645 20473 4411 5852 4019 4049 2
646 20503 5842 3645 4049 4257 1
647 20538 6747 4357 4527 5660 2
648 20570 6068 5812 3989 3637 2
649 20604 4009 5862 4059 4341 1
650 20635 7077 6072 4475 4049 2
651 20664 4349 5842 5822 4039 2
652 20694 4009 4049 5652 4277 1
653 20724 6747 4349 4497 4059 2
654 20756 4363 5852 3989 5652 2
655 20786 5842 3637 4039 4279 1
656 20817 7077 4435 6164 4059 2
657 20842 4379 3999 3999 3629 2
658 20876 5832 3645 5652 4253 1
659 20907 6747 4409 4481 4049 2
660 20932 4381 5812 5842 4059 2
661 20964 4019 3645 3637 4337 1
662 20995 7077 4373 6140 4039 2
663 21030 6072 5822 5812 5862 2
664 21064 4019 4039 5862 4257 1
665 21099 7077 6070 6136 5862 2
666 21125 6074 5842 4019 3645 2
667 21159 4019 3645 5862 4325 1
668 21190 6747 4351 6142 3637 2
669 21219 4397 5852 5812 4039 2
670 21249 5832 3637 4049 4333 1
671 21281 6747 4423 4457 5652 2
672 21314 6088 5842 5812 5862 2
673 21346 5852 5862 3645 4335 1
674 21378 7077 6088 4447 3645 2
675 21411 6090 4019 3999 4049 2
676 21441 5832 5660 5652 4291 1
677 21473 6747 4411 4469 4059 2
678 21503 4409 5852 5822 4049 2
679 21534 5842 5862 5660 6038 1
680 21566 6747 6068 4477 3637 2
681 21600 4361 4029 5852 3645 2
682 21630 4029 3637 4049 4341 1
683 21663 7077 4385 4455 5652 2
684 21688 4349 4009 3999 5660 2
685 21720 5822 4049 5862 4301 1
686 21753 6747 4431 4529 4039 2
687 21778 6070 3989 4009 5660 2
688 21811 3999 5652 5872 6040 1
689 21845 6747 6060 4525 4049 2
690 21872 4401 5822 5852 4059 2
691 21906 5842 3645 4039 4283 1
692 21936 6747 6060 4469 4049 2
693 21969 4427 5832 3989 5872 2
694 22003 5852 3637 5872 6016 1
695 22036 7077 6084 4517 5862 2
696 22062 6092 4009 4029 3637 2
697 22097 3989 5872 5872 6014 1
698 22128 7077 4397 4453 4049 2
699 22163 6060 4009 4009 5872 2
700 22196 5822 3645 4059 6044 1
701 22231 6747 4377 4501 4039 2
702 22264 4437 5822 5822 4049 2
703 22297 4009 4049 5862 6044 1
704 22331 6747 4421 6168 5862 2
705 22361 4383 5822 5832 5652 2
706 22396 5852 3645 4039 4325 1
707 22427 7077 6092 4527 3637 2
708 22458 4389 5852 5842 5652 2
709 22491 5842 4049 3637 4281 1
710 22525 6747 4425 6144 3629 2
711 22558 4389 5852 5812 5660 2
712 22588 5822 4059 4059 6044 1
713 22623 6747 4401 4493 3629 2
714 22656 4421 5832 5822 3645 2
715 22690 5842 5660 4039 4339 1
716 22722 7077 4429 4455 3637 2
717 22748 4403 3999 4019 4049 2
718 22779 4019 5862 4059 6014 1
719 22809 7077 4355 4529 4039 2
720 22834 4425 5842 5822 5862 2
721 22865 5832 5660 5652 4287 1
722 22895 7077 4397 6144 5652 2
723 22923 6098 5832 3999 3637 2
724 22954 5842 3645 5862 6046 1
725 22988 6747 6096 6158 4049 2
726 23022 4377 5852 4019 3645 2
727 23055 5812 5652 4059 4337 1
728 23088 7077 6096 4499 4039 2
729 23113 6074 4019 3989 5862 2
730 23146 4009 5652 4039 4257 1
731 23178 7077 4403 6134 3629 2
732 23203 4407 4009 3999 4059 2
733 23233 5832 4049 3645 4267 1
734 23263 7077 6086 6566 5660 2
735 23295 4385 5822 5842 4049 2
736 23325 5852 3629 3637 4303 1
737 23355 6747 4359 6168 5652 2
738 23389 6066 3989 3989 3645 2
739 23424 3989 4039 3637 4333 1
740 23456 7077 4429 6158 5652 2
741 23488 4405 5822 5832 4039 2
742 23523 5812 3637 3637 4257 1
743 23556 7077 4421 6170 5652 2
744 23588 4401 5822 4019 4049 2
745 23620 4009 3645 5652 4301 1
746 23654 7077 4375 6160 4059 2
747 23689 4351 4019 5852 4059 2
748 23724 5832 5660 5862 6020 1
749 23758 6747 4357 4445 5652 2
750 23787 4435 3989 5822 4039 2
751 23817 5852 3645 4049 4305 1
752 23852 7077 4435 6156 5652 2
753 23878 4357 5842 5822 4049 2
754 23908 4029 4039 5660 4313 1
755 23939 6747 4363 4453 5652 2
756 23964 4385 3989 4019 3629 2
757 23997 3989 5872 3645 4327 1
758 24032 7077 6086 6138 3629 2
759 24067 4379 5822 3999 5872 2
760 24102 3989 5862 5862 4327 1
761 24132 6747 4385 4503 4039 2
762 24165 4387 3999 3999 5652 2
763 24196 4009 4059 5862 4261 1
764 24229 6747 4403 4529 5660 2
765 24257 4355 4009 4009 5872 2
766 24290 5852 3645 3637 4307 1
767 24322 7077 4397 6156 4059 2
768 24357 4355 4009 4019 5660 2
769 24388 4009 3629 5862 4303 1
770 24423 6747 4387 6158 4059 2
771 24454 6086 5852 5842 3637 2
772 24486 4019 3629 5660 4287 1
773 24521 7077 4355 4503 5862 2
774 24554 6090 5852 5832 4049 2
775 24587 5822 5862 5652 4253 1
776 24622 6747 6090 4485 5660 2
777 24649 4405 5842 4019 3637 2
778 24681 5822 5862 5660 4301 1
779 24714 6747 6088 4473 4049 2
780 24746 4355 4009 4009 3637 2
781 24776 5842 3645 3629 6046 1
782 24806 6747 4427 6170 5872 2
783 24832 4405 4009 4029 5660 2
784 24866 4009 5862 3629 4281 1
785 24896 7077 6098 4485 5862 2
786 24925 4427 5832 5842 3637 2
787 24957 3989 4039 4059 4289 1
788 24987 6747 4405 4485 5872 2
789 25022 6060 5842 4009 4039 2
790 25053 5822 3645 5660 4301 1
791 25086 6747 6094 6162 4049 2
792 25113 6068 5842 5812 5872 2
793 25148 4009 4049 3629 4335 1
794 25183 6747 4375 4501 3637 2
795 25218 4429 5832 4009 4039 2
796 25251 5842 5652 4049 4285 1
797 25282 7077 6074 4523 4059 2
798 25312 4387 4009 4009 4039 2
799 25347 5832 4039 3629 4289 1
800 25379 7077 4383 4453 5872 2
801 25413 4411 5842 3999 4039 2
802 25443 4009 4039 5872 4285 1
803 25478 7077 4357 4445 3645 2
804 25512 4433 5822 4009 3629 2
805 25547 5822 5660 4039 4341 1
806 25580 7077 4363 4481 5862 2
807 25610 6098 5822 5812 5872 2
808 25644 5852 3637 4059 4267 1
809 25676 6747 4425 4481 3645 2
810 25705 4359 3999 4009 5660 2
811 25738 5812 4039 3629 4337 1
812 25772 6747 4403 4471 4039 2
813 25804 4425 4029 4009 3629 2
814 25834 4029 3629 5652 4313 1
815 25869 7077 4353 6156 4039 2
816 25896 4421 4019 4029 5872 2
817 25926 4029 3629 5652 6020 1
818 25959 7077 4409 4445 3645 2
819 25988 4389 5852 5822 5872 2
820 26019 5822 3637 4039 4281 1
821 26053 6747 6084 4481 4039 2
822 26086 4411 5812 4029 4059 2
823 26119 3989 3629 5660 6018 1
824 26150 7077 4361 4471 5652 2
825 26185 4359 4009 3999 5872 2
826 26218 4019 5660 5872 4259 1
827 26250 6747 6064 6136 5872 2
828 26276 6074 3989 4009 4059 2
829 26307 4019 4049 4039 4325 1
830 26340 6747 6064 4523 5872 2
831 26366 4361 5842 3999 4049 2
832 26400 5822 3629 5862 4259 1
833 26433 7077 4379 4527 3637 2
834 26464 4355 5812 3989 5872 2
835 26497 4009 5862 4059 4259 1
836 26530 6747 4381 4449 4059 2
837 26560 6098 4009 4019 5862 2
838 26590 5842 5862 5862 4257 1
839 26625 6747 6070 4501 3637 2
840 26653 4427 4009 3999 4049 2
841 26684 4019 5652 4039 6050 1
842 26714 6747 4383 6170 3645 2
843 26748 4377 5822 5822 4059 2
844 26783 5822 4059 5862 4289 1
845 26815 7077 4351 6564 5862 2
846 26845 6098 4009 5852 4049 2
847 26879 3999 3629 5872 4263 1
848 26909 6747 4403 4483 4059 2
849 26936 4429 3999 5812 5872 2
850 26971 3989 3637 4049 4341 1
851 27003 7077 4435 4457 5862 2
852 27034 4361 4009 4009 5652 2
853 27067 5822 5660 3637 4259 1
854 27097 7077 6086 4475 3629 2
855 27130 4431 5832 3989 3637 2
856 27165 5832 5862 5652 6040 1
857 27200 6747 4421 4471 5660 2
858 27227 6060 5842 5852 3637 2
859 27261 3999 3645 3645 4301 1
860 27293 6747 4353 4481 5862 2
861 27322 6096 3999 4009 5862 2
862 27352 4019 4059 5862 4261 1
863 27382 7077 4397 4517 4059 2
864 27409 4381 5812 4009 5872 2
865 27441 5822 3637 3637 4335 1
866 27474 7077 4359 4451 4049 2
867 27501 6066 5822 5852 5862 2
868 27536 5832 5652 3637 4255 1
869 27570 7077 4409 6566 3645 2
870 27596 6096 4019 5852 5872 2
871 27629 5842 5652 3629 4257 1
872 27663 6747 6088 4457 5862 2
873 27690 4407 4009 5812 5872 2
874 27721 4019 5660 5652 4289 1
875 27754 7077 4351 4447 4039 2
876 27783 4355 4019 3999 4039 2
877 27818 3999 5652 4059 4261 1
878 27852 6747 4377 4521 3637 2
879 27880 4381 3989 5822 3645 2
880 27912 4009 3629 5652 4341 1
881 27944 6747 4361 6144 5862 2
882 27978 4437 5812 5852 3637 2
883 28012 4019 3629 5660 4301 1
884 28047 7077 4411 6136 4049 2
885 28075 6092 5822 5812 5872 2
886 28106 5832 3645 3637 6024 1
887 28137 6747 6096 4481 4059 2
888 28170 6094 4009 5822 5862 2
889 28200 5852 4059 5652 4315 1
890 28233 6747 6066 4527 5872 2
891 28264 4407 5822 5852 5872 2
892 28295 5842 5652 3629 4255 1
893 28330 7077 4375 4517 4049 2
894 28365 4353 5812 4029 4059 2
895 28395 5832 5652 4059 4305 1
896 28429 6747 6072 6564 3629 2
897 28454 4403 3999 5832 5652 2
898 28485 4009 4059 5660 4305 1
899 28519 6747 4431 6162 5872 2
900 28554 6064 3999 4029 3645 2
