0 500 7077 6050 7148 1 2 3
1 500 7077 4293 7147 1 2 3
2 500 6747 4231 7079 1 2 3
3 500 6747 5946 6742 1 2 3
4 500 4381 5812 4071 1 2 3
5 500 4409 4019 4073 1 2 3
6 500 6134 4059 6558 1 2 3
7 500 4497 3637 6560 1 2 3
8 18500 7077 4337 7148 1 2 3
9 18500 7077 6022 7147 1 2 3
10 18500 6747 4231 7079 1 2 3
11 18500 6747 5952 6742 1 2 3
12 18500 4373 4009 4071 1 2 3
13 18500 4425 5832 4073 1 2 3
14 18500 4455 4039 6558 1 2 3
15 18500 6564 3645 6560 1 2 3
16 36500 7077 4301 7148 1 2 3
17 36500 7077 4277 7147 1 2 3
18 36500 6747 4231 7079 1 2 3
19 36500 6747 5944 6742 1 2 3
20 36500 6062 3999 4071 1 2 3
21 36500 4407 5852 4073 1 2 3
22 36500 4479 4049 6558 1 2 3
23 36500 6166 5652 6560 1 2 3
24 54500 7077 4301 7148 1 2 3
25 54500 7077 6022 7147 1 2 3
26 54500 6747 5978 7079 1 2 3
27 54500 6747 4181 6742 1 2 3
28 54500 4385 4009 4071 1 2 3
29 54500 6084 4029 4073 1 2 3
30 54500 6140 4039 6558 1 2 3
31 54500 4497 3637 6560 1 2 3
32 72500 7077 6046 7148 1 2 3
33 72500 7077 4285 7147 1 2 3
34 72500 6747 4233 7079 1 2 3
35 72500 6747 4181 6742 1 2 3
36 72500 4353 3999 4071 1 2 3
37 72500 4423 5842 4073 1 2 3
38 72500 4447 5862 6558 1 2 3
39 72500 6564 5652 6560 1 2 3
40 90500 7077 6042 7148 1 2 3
41 90500 7077 6014 7147 1 2 3
42 90500 6747 4229 7079 1 2 3
43 90500 6747 4197 6742 1 2 3
44 90500 6062 3999 4071 1 2 3
45 90500 4437 5852 4073 1 2 3
46 90500 6136 4039 6558 1 2 3
47 90500 4507 3645 6560 1 2 3
48 108500 7077 4325 7148 1 2 3
49 108500 7077 6014 7147 1 2 3
50 108500 6747 4243 7079 1 2 3
51 108500 6747 4193 6742 1 2 3
52 108500 4357 3989 4071 1 2 3
53 108500 4425 5842 4073 1 2 3
54 108500 6132 5872 6558 1 2 3
55 108500 4501 5660 6560 1 2 3
56 126500 7077 6044 7148 1 2 3
57 126500 7077 6020 7147 1 2 3
58 126500 6747 4205 7079 1 2 3
59 126500 6747 4171 6742 1 2 3
60 126500 6062 3999 4071 1 2 3
61 126500 4425 5852 4073 1 2 3
62 126500 4479 5862 6558 1 2 3
63 126500 6170 5660 6560 1 2 3
64 144500 7077 4341 7148 1 2 3
65 144500 7077 6016 7147 1 2 3
66 144500 6747 4205 7079 1 2 3
67 144500 6747 5948 6742 1 2 3
68 144500 4349 3999 4071 1 2 3
69 144500 4433 4019 4073 1 2 3
70 144500 6134 5872 6558 1 2 3
71 144500 6566 5652 6560 1 2 3
72 162500 7077 4339 7148 1 2 3
73 162500 7077 4263 7147 1 2 3
74 162500 6747 4207 7079 1 2 3
75 162500 6747 5952 6742 1 2 3
76 162500 4355 3989 4071 1 2 3
77 162500 6086 5842 4073 1 2 3
78 162500 6140 5862 6558 1 2 3
79 162500 4505 3637 6560 1 2 3
