1 5 4019 4353 3253 1 2 3
2 12 6747 4309 5982 1 2 3
3 17 4529 3637 4713 1 2 3
4 24 5822 6072 5650 1 2 3
5 31 6747 6158 4313 1 2 3
6 41 4285 4039 4145 1 2 3
7 50 5832 4335 3559 1 2 3
8 58 6747 4527 5289 1 2 3
9 66 4523 3629 5001 1 2 3
10 72 5842 4429 4399 1 2 3
11 89 3999 4375 3743 1 2 3
12 97 7077 4263 6464 1 2 3
13 102 6044 5660 5023 1 2 3
14 110 5832 4355 4327 1 2 3
15 123 5832 4353 5083 1 2 3
16 128 7077 6166 4607 1 2 3
17 136 6046 5862 4071 1 2 3
18 143 5822 6074 3781 1 2 3
19 151 7077 4495 4007 1 2 3
20 161 4497 3637 3399 1 2 3
21 171 3989 5978 6488 1 2 3
22 177 6747 6018 3737 1 2 3
23 183 4335 4039 3849 1 2 3
24 188 4009 4301 5856 1 2 3
25 194 6747 4333 3731 1 2 3
26 203 4497 3637 4897 1 2 3
27 211 5832 4411 5336 1 2 3
28 221 7077 5872 3281 1 2 3
29 231 4497 3645 3849 1 2 3
30 237 4029 4385 5414 1 2 3
31 247 6747 4329 6986 1 2 3
32 252 6566 5660 4965 1 2 3
33 260 3989 5974 6498 1 2 3
34 266 6747 4331 4595 1 2 3
35 273 4479 5862 7029 1 2 3
36 280 5822 4335 6320 1 2 3
37 288 7077 4519 5061 1 2 3
38 297 4527 5660 5019 1 2 3
39 305 5822 4233 3407 1 2 3
40 321 5812 5976 3509 1 2 3
41 328 6747 4287 5776 1 2 3
42 336 6024 5872 5241 1 2 3
43 343 5812 6088 5472 1 2 3
44 352 6747 4497 8072 1 2 3
45 361 6036 4059 6916 1 2 3
46 448 4009 6044 5896 1 2 3
47 455 7077 4267 4751 1 2 3
48 463 6022 5652 384 1 2 3
49 468 4009 4339 7009 1 2 3
50 476 6747 4341 6456 1 2 3
51 485 4517 4049 5668 1 2 3
52 495 3989 4335 3557 1 2 3
53 510 3989 5978 3345 1 2 3
54 515 7077 6164 6376 1 2 3
55 520 6022 4059 3519 1 2 3
56 527 4019 4431 6426 1 2 3
57 536 7077 4333 5326 1 2 3
58 545 4261 4059 5614 1 2 3
59 554 5812 4205 6366 1 2 3
60 559 6747 4309 5229 1 2 3
61 565 6022 5652 5966 1 2 3
62 574 3989 5978 4305 1 2 3
63 584 6747 5872 4231 1 2 3
64 592 6166 4059 8052 1 2 3
65 602 5832 4375 5388 1 2 3
66 611 7077 6048 3809 1 2 3
67 617 4455 4059 4271 1 2 3
68 625 3999 6070 4957 1 2 3
69 630 6747 6162 4151 1 2 3
70 638 4469 3637 5980 1 2 3
71 644 5812 4327 3951 1 2 3
72 660 5832 5966 8044 1 2 3
73 665 7077 4327 5910 1 2 3
74 675 6170 5652 5408 1 2 3
75 684 4019 5968 5087 1 2 3
76 692 6747 6156 5101 1 2 3
77 697 4285 5660 4881 1 2 3
78 704 5852 4205 4879 1 2 3
79 718 3999 4409 5372 1 2 3
80 726 7077 5872 3837 1 2 3
81 736 4499 5862 5117 1 2 3
82 744 4009 4245 5960 1 2 3
83 754 6747 4049 3397 1 2 3
84 759 4527 5652 3741 1 2 3
85 766 4029 4339 5886 1 2 3
86 773 7077 4525 6434 1 2 3
87 780 4507 5652 3975 1 2 3
88 790 5832 4399 3923 1 2 3
89 799 7077 6162 6400 1 2 3
90 805 4455 5862 5271 1 2 3
91 893 5842 4239 5838 1 2 3
92 910 4009 4409 8076 1 2 3
93 919 6747 4059 5892 1 2 3
94 928 4457 5660 4579 1 2 3
95 937 5822 4433 5526 1 2 3
96 954 3989 6050 4235 1 2 3
97 960 7077 6168 3267 1 2 3
98 965 4475 3645 6988 1 2 3
99 973 5852 4207 4051 1 2 3
100 983 7077 4059 8066 1 2 3
101 991 6036 5862 6440 1 2 3
102 998 4009 4233 5698 1 2 3
103 1016 5832 4351 4309 1 2 3
104 1031 4019 4363 6570 1 2 3
105 1044 4009 6042 3525 1 2 3
106 1049 7077 4049 3855 1 2 3
107 1058 6018 4039 5764 1 2 3
108 1066 3999 4213 6932 1 2 3
109 1072 6747 4523 3655 1 2 3
110 1081 6146 5872 6564 1 2 3
111 1088 5852 6050 6954 1 2 3
112 1093 7077 4503 6948 1 2 3
113 1102 6170 5862 6160 1 2 3
114 1110 4009 4333 3849 1 2 3
115 1118 6747 6156 5402 1 2 3
116 1127 6140 5872 4723 1 2 3
117 1132 4019 4433 4073 1 2 3
118 1141 6747 4327 6532 1 2 3
119 1149 4315 4049 7051 1 2 3
120 1158 5852 4329 4109 1 2 3
121 1168 7077 4315 3649 1 2 3
122 1175 4289 5862 5538 1 2 3
123 1180 5842 6036 4215 1 2 3
124 1196 3999 4429 5654 1 2 3
125 1204 6747 6022 4513 1 2 3
126 1213 4501 3645 7065 1 2 3
127 1218 5822 4219 5478 1 2 3
128 1233 5852 5976 5678 1 2 3
129 1247 5842 4243 4953 1 2 3
130 1255 7077 6040 5143 1 2 3
131 1263 4315 5862 3855 1 2 3
132 1269 5822 4359 5007 1 2 3
133 1280 3999 6096 4071 1 2 3
134 1291 5822 4217 6162 1 2 3
135 1299 7077 4493 4113 1 2 3
136 1308 4453 4039 8088 1 2 3
137 1317 4019 5968 4481 1 2 3
138 1327 7077 4493 5564 1 2 3
139 1332 4341 5660 4419 1 2 3
140 1341 5842 6072 6504 1 2 3
141 1348 7077 4495 4413 1 2 3
142 1355 4471 4049 3413 1 2 3
143 1360 5832 6038 5582 1 2 3
144 1369 7077 5862 3395 1 2 3
145 1378 6050 3637 6006 1 2 3
146 1386 4009 4327 4483 1 2 3
147 1396 6747 4523 5348 1 2 3
148 1405 4307 3637 4781 1 2 3
149 1413 5822 4399 5832 1 2 3
150 1423 7077 4049 388 1 2 3
151 1433 6168 5652 4711 1 2 3
152 1438 4019 5978 3287 1 2 3
153 1448 7077 4303 5081 1 2 3
154 1455 4453 4039 4767 1 2 3
155 1460 4029 5970 3729 1 2 3
156 1469 6747 5872 4001 1 2 3
157 1479 4451 3637 4987 1 2 3
158 1487 5852 6044 8062 1 2 3
159 1495 6747 4039 3983 1 2 3
160 1503 6564 5872 8100 1 2 3
161 1513 5822 4433 4009 1 2 3
162 1522 6747 5862 4089 1 2 3
163 1531 4505 5652 4167 1 2 3
164 1541 4009 4219 5009 1 2 3
165 1554 5832 5968 3827 1 2 3
166 1564 6747 4333 3557 1 2 3
167 1574 6142 3637 4167 1 2 3
168 1579 4029 6046 6106 1 2 3
169 1598 5832 6088 5235 1 2 3
170 1603 7077 4305 6500 1 2 3
171 1609 6158 4049 5183 1 2 3
172 1618 4019 4349 5211 1 2 3
173 1623 7077 4261 4227 1 2 3
174 1633 4507 3645 3243 1 2 3
175 1638 4019 4327 5055 1 2 3
176 1644 6747 4039 3975 1 2 3
177 1649 4279 4039 8138 1 2 3
178 1656 3989 4401 6482 1 2 3
179 1665 6747 4325 6576 1 2 3
180 1672 4303 4049 5946 1 2 3
181 1761 4019 5978 3811 1 2 3
182 1771 6747 4059 4247 1 2 3
183 1777 4309 3629 3759 1 2 3
184 1784 5852 4239 3337 1 2 3
185 1797 3989 6038 4451 1 2 3
186 1806 7077 6040 6284 1 2 3
187 1812 4479 3645 5073 1 2 3
188 1822 5842 4245 709 1 2 3
189 1838 5812 6042 6150 1 2 3
190 1854 3999 4405 4443 1 2 3
191 1864 6747 4503 4183 1 2 3
192 1869 6134 4039 4249 1 2 3
193 1876 5842 5974 5910 1 2 3
194 1888 4019 4341 7049 1 2 3
195 1899 3999 6038 3249 1 2 3
196 1913 3999 6092 3919 1 2 3
197 1918 7077 5862 5804 1 2 3
198 1927 4315 4039 4747 1 2 3
199 1933 5852 6072 6342 1 2 3
200 1941 6747 4259 5824 1 2 3
201 1949 6564 5862 5007 1 2 3
202 1955 4009 4403 6074 1 2 3
203 1967 4019 4239 5726 1 2 3
204 1984 5852 4373 5932 1 2 3
205 1994 6747 4039 5378 1 2 3
206 1999 4289 3629 5107 1 2 3
207 2008 4029 4209 3651 1 2 3
208 2015 7077 5862 5832 1 2 3
209 2023 6136 4039 6518 1 2 3
210 2028 5852 6072 4897 1 2 3
211 2033 6747 4329 4115 1 2 3
212 2043 6012 5872 5217 1 2 3
213 2053 3999 4429 6414 1 2 3
214 2068 4019 4333 4959 1 2 3
215 2084 5822 4425 5662 1 2 3
216 2092 6747 4287 3483 1 2 3
217 2099 4479 3645 3355 1 2 3
218 2104 5852 4403 5968 1 2 3
219 2114 6747 4331 3671 1 2 3
220 2119 4281 3629 3751 1 2 3
221 2129 5822 4409 3837 1 2 3
222 2139 4029 6060 6116 1 2 3
223 2156 3989 4357 3815 1 2 3
224 2167 4029 4403 6276 1 2 3
225 2180 4029 4303 8110 1 2 3
226 2195 5832 6044 4925 1 2 3
227 2208 3999 4399 4047 1 2 3
228 2218 6747 5872 6418 1 2 3
229 2224 6044 5862 5572 1 2 3
230 2231 5852 6074 6534 1 2 3
231 2239 7077 4337 8132 1 2 3
232 2247 6038 5660 5988 1 2 3
233 2254 5812 4335 6264 1 2 3
234 2261 6747 4039 3989 1 2 3
235 2270 4493 5652 4401 1 2 3
236 2277 5822 4207 4383 1 2 3
237 2282 6747 4285 8076 1 2 3
238 2290 6020 5652 8070 1 2 3
239 2298 5842 4241 3725 1 2 3
240 2314 5822 6062 5350 1 2 3
241 2319 7077 4059 3957 1 2 3
242 2327 4523 4039 5940 1 2 3
243 2333 5812 4337 7037 1 2 3
244 2347 4019 4361 6450 1 2 3
245 2354 6747 4525 5754 1 2 3
246 2362 4255 3645 8090 1 2 3
247 2371 4029 4217 7059 1 2 3
248 2390 5812 5968 5462 1 2 3
249 2398 6747 5862 4805 1 2 3
250 2407 4301 5862 3925 1 2 3
251 2415 5842 5970 5400 1 2 3
252 2421 7077 4255 5860 1 2 3
253 2431 6046 4059 5406 1 2 3
254 2437 3999 6070 5804 1 2 3
255 2445 6747 4505 5263 1 2 3
256 2454 4305 3645 6946 1 2 3
257 2462 5832 4423 3833 1 2 3
258 2471 7077 4059 5005 1 2 3
259 2480 6026 5660 5878 1 2 3
260 2489 5822 6060 3571 1 2 3
261 2503 5832 4423 3397 1 2 3
262 2512 6747 4059 5424 1 2 3
263 2521 4307 3629 3661 1 2 3
264 2527 5842 4375 8086 1 2 3
265 2536 7077 4255 4755 1 2 3
266 2546 4287 5660 4397 1 2 3
267 2556 4029 5976 6118 1 2 3
268 2561 6747 4329 6164 1 2 3
269 2568 4263 5872 6126 1 2 3
270 2574 5852 6074 6332 1 2 3
271 2579 6747 4503 5015 1 2 3
272 2587 4333 5862 7075 1 2 3
273 2594 5852 4241 5896 1 2 3
274 2603 7077 4287 4779 1 2 3
275 2613 6156 3629 5880 1 2 3
276 2621 5852 4409 3385 1 2 3
277 2626 6747 4293 4989 1 2 3
278 2636 4283 5862 4483 1 2 3
279 2642 5842 4373 3633 1 2 3
280 2651 7077 4315 5772 1 2 3
281 2660 6162 4049 8104 1 2 3
282 2667 4029 4305 6092 1 2 3
283 2673 7077 6048 5794 1 2 3
284 2683 4501 5862 4437 1 2 3
285 2690 5822 4435 5534 1 2 3
286 2703 4019 4379 4395 1 2 3
287 2709 7077 4325 4319 1 2 3
288 2718 4335 4039 8136 1 2 3
289 2724 3989 4211 4335 1 2 3
290 2738 4019 4325 3509 1 2 3
291 2757 3989 4425 5882 1 2 3
292 2772 5812 4245 4301 1 2 3
293 2782 7077 6156 6912 1 2 3
294 2789 6022 4059 6958 1 2 3
295 2794 5822 4211 4819 1 2 3
296 2800 6747 4305 3911 1 2 3
297 2806 4447 5660 3539 1 2 3
298 2815 5822 4349 6974 1 2 3
299 2822 6747 4325 3249 1 2 3
300 2827 4485 4059 3451 1 2 3
301 2915 5812 4313 8142 1 2 3
302 2929 5842 5976 5644 1 2 3
303 2939 4009 4351 3259 1 2 3
304 2946 6747 4039 6526 1 2 3
305 2953 6160 5660 5494 1 2 3
306 2959 5822 5972 8120 1 2 3
307 2964 6747 6564 3669 1 2 3
308 2973 6162 5862 6120 1 2 3
309 2978 5822 4429 5494 1 2 3
310 2986 7077 5862 4111 1 2 3
311 2994 4485 4039 5125 1 2 3
312 2999 5832 6036 5794 1 2 3
313 3014 5832 4357 4415 1 2 3
314 3019 6747 4325 8042 1 2 3
315 3024 4287 5652 4449 1 2 3
316 3114 3999 6070 5328 1 2 3
317 3126 4029 4353 4051 1 2 3
318 3131 6747 6018 6162 1 2 3
319 3137 6018 4039 4587 1 2 3
320 3143 5832 6096 5440 1 2 3
321 3149 7077 4287 8060 1 2 3
322 3157 6164 4039 4975 1 2 3
323 3162 3999 4389 5462 1 2 3
324 3174 5822 4241 6296 1 2 3
325 3180 6747 4287 6236 1 2 3
326 3189 6164 4059 5394 1 2 3
327 3199 5812 4405 3847 1 2 3
328 3206 6747 4339 5738 1 2 3
329 3216 4497 5862 4979 1 2 3
330 3222 4019 4389 5674 1 2 3
331 3232 6747 4309 4349 1 2 3
332 3238 4497 5660 5650 1 2 3
333 3246 4009 4337 4653 1 2 3
334 3256 6747 6018 4859 1 2 3
335 3264 4337 4059 5245 1 2 3
336 3269 4029 4425 3811 1 2 3
337 3281 5812 6096 4553 1 2 3
338 3297 5812 4219 3583 1 2 3
339 3302 6747 4333 8086 1 2 3
340 3311 6018 4059 8098 1 2 3
341 3317 5812 4217 5340 1 2 3
342 3333 5822 6040 5544 1 2 3
343 3339 7077 6044 5582 1 2 3
344 3348 4291 5652 5426 1 2 3
345 3355 5832 6040 7019 1 2 3
346 3360 7077 5862 6388 1 2 3
347 3367 6156 4059 4561 1 2 3
348 3377 5852 6086 3375 1 2 3
349 3390 5852 4429 8098 1 2 3
350 3397 7077 4059 5275 1 2 3
351 3407 4301 5862 5574 1 2 3
352 3414 3989 4305 5776 1 2 3
353 3424 6747 4049 4899 1 2 3
354 3430 4335 3637 3511 1 2 3
355 3436 5812 4217 5283 1 2 3
356 3448 5812 4243 6078 1 2 3
357 3457 7077 4255 5616 1 2 3
358 3464 4457 4039 5494 1 2 3
359 3472 5842 6086 5726 1 2 3
360 3480 6747 6022 6490 1 2 3
361 3487 6136 3645 4965 1 2 3
362 3495 5832 4375 5127 1 2 3
363 3515 4029 4387 3399 1 2 3
364 3522 7077 4303 5632 1 2 3
365 3531 6134 3645 3809 1 2 3
366 3541 4029 4241 6936 1 2 3
367 3558 3999 6070 6492 1 2 3
368 3567 7077 6158 8152 1 2 3
369 3575 6040 3645 5734 1 2 3
370 3580 5832 4301 5502 1 2 3
371 3589 6747 5862 6138 1 2 3
372 3595 6016 4059 8132 1 2 3
373 3600 5812 6086 5043 1 2 3
374 3606 6747 4039 5161 1 2 3
375 3614 6564 5652 5798 1 2 3
376 3702 3989 6094 6436 1 2 3
377 3708 6747 4283 4275 1 2 3
378 3714 4445 5872 4943 1 2 3
379 3720 5852 5974 4793 1 2 3
380 3734 5832 4325 3691 1 2 3
381 3742 7077 6044 6046 1 2 3
382 3752 4457 3637 3483 1 2 3
383 3760 5822 6092 4207 1 2 3
384 3765 6747 4255 6076 1 2 3
385 3775 6138 5862 5966 1 2 3
386 3783 3999 4237 4149 1 2 3
387 3799 4029 4405 5964 1 2 3
388 3811 4009 6042 5724 1 2 3
389 3820 7077 6162 6356 1 2 3
390 3826 6016 4039 3569 1 2 3
391 3912 3999 4241 5209 1 2 3
392 3921 6747 6156 6242 1 2 3
393 3928 6038 4059 6342 1 2 3
394 3933 3989 4349 3421 1 2 3
395 3940 6747 4049 3909 1 2 3
396 3945 4501 5872 5105 1 2 3
397 3954 4019 4239 4183 1 2 3
398 3964 7077 4289 5149 1 2 3
399 3974 4253 5652 4081 1 2 3
400 3981 5822 4387 8078 1 2 3
401 3991 6747 4293 6344 1 2 3
402 3998 4473 3637 5668 1 2 3
403 4008 4009 4425 5364 1 2 3
404 4025 5842 6048 5470 1 2 3
405 4030 6747 4039 5087 1 2 3
406 4037 4339 3645 4007 1 2 3
407 4044 3989 6036 4263 1 2 3
408 4049 7077 4525 3305 1 2 3
409 4059 6046 5862 5882 1 2 3
410 4069 4029 6066 3877 1 2 3
411 4075 6747 6156 4805 1 2 3
412 4080 4327 4039 6578 1 2 3
413 4086 4009 4351 388 1 2 3
414 4094 6747 6012 6168 1 2 3
415 4099 4447 3645 4975 1 2 3
416 4106 3999 4217 4775 1 2 3
417 4111 6747 5872 4323 1 2 3
418 4121 4453 3637 6310 1 2 3
419 4126 4019 4311 6906 1 2 3
420 4136 6747 4301 5362 1 2 3
421 4142 4445 4059 5480 1 2 3
422 4147 5832 4245 6048 1 2 3
423 4157 7077 4315 5702 1 2 3
424 4165 6020 3629 6132 1 2 3
425 4171 4029 4407 8088 1 2 3
426 4180 6747 4529 3565 1 2 3
427 4185 4445 4049 6492 1 2 3
428 4190 4019 4231 5650 1 2 3
429 4204 5822 5968 3555 1 2 3
430 4219 5852 4383 3281 1 2 3
431 4226 7077 6040 3647 1 2 3
432 4235 6566 3645 5430 1 2 3
433 4244 5842 6072 6352 1 2 3
434 4256 5812 4385 3333 1 2 3
435 4271 5832 4313 3407 1 2 3
436 4287 5812 4403 6938 1 2 3
437 4294 7077 6018 5031 1 2 3
438 4302 4525 5872 3923 1 2 3
439 4310 5812 4209 3987 1 2 3
440 4320 6747 6160 6092 1 2 3
441 4325 4337 4059 6202 1 2 3
442 4331 5842 6088 3745 1 2 3
443 4347 5832 4313 4661 1 2 3
444 4355 7077 4341 4511 1 2 3
445 4364 6024 4059 4485 1 2 3
446 4370 5822 4217 4467 1 2 3
447 4388 5822 4385 4881 1 2 3
448 4396 6747 6168 4841 1 2 3
449 4404 6026 5660 5610 1 2 3
450 4411 4019 5978 3669 1 2 3
451 4426 4019 4337 6518 1 2 3
452 4432 7077 5862 4497 1 2 3
453 4442 4501 4039 4837 1 2 3
454 4449 5842 4303 5586 1 2 3
455 4459 6747 6018 3507 1 2 3
456 4467 6566 4059 5650 1 2 3
457 4474 4009 5968 5081 1 2 3
458 4479 7077 6168 5728 1 2 3
459 4485 4307 4059 3313 1 2 3
460 4490 5852 4327 5950 1 2 3
461 4500 6747 6038 5366 1 2 3
462 4510 6014 3645 3365 1 2 3
463 4516 4029 4435 4857 1 2 3
464 4526 7077 4049 4779 1 2 3
465 4535 4455 4039 5289 1 2 3
466 4620 3999 4385 4723 1 2 3
467 4635 4009 5976 7051 1 2 3
468 4644 6747 4049 6727 1 2 3
469 4650 4519 3629 3261 1 2 3
470 4656 3999 4235 5275 1 2 3
471 4662 7077 6048 5111 1 2 3
472 4670 6136 3645 7011 1 2 3
473 4679 3989 4403 5776 1 2 3
474 4685 7077 6016 5149 1 2 3
475 4691 4279 4049 4813 1 2 3
476 4699 4009 6044 4869 1 2 3
477 4707 6747 6020 3677 1 2 3
478 4713 4339 5652 7069 1 2 3
479 4723 5832 4397 5716 1 2 3
480 4737 5822 6062 3485 1 2 3
481 4744 6747 4335 3519 1 2 3
482 4753 6040 4059 8114 1 2 3
483 4762 3989 4407 5874 1 2 3
484 4770 6747 4325 4151 1 2 3
485 4775 4313 4049 5522 1 2 3
486 4782 4009 4335 5045 1 2 3
487 4797 5832 4243 5866 1 2 3
488 4807 7077 4287 4065 1 2 3
489 4812 4265 5872 6294 1 2 3
490 4818 4029 4421 5011 1 2 3
491 4837 4019 6060 7067 1 2 3
492 4845 6747 4049 4681 1 2 3
493 4854 4263 5872 5299 1 2 3
494 4860 4009 6072 5880 1 2 3
495 4868 6747 5862 3609 1 2 3
496 4876 4477 3629 6986 1 2 3
497 4884 4009 4433 6416 1 2 3
498 4895 5842 6036 3421 1 2 3
499 4911 3989 4209 3427 1 2 3
500 4927 5812 6098 4915 1 2 3
501 4938 3999 4375 3481 1 2 3
502 4949 5822 4379 3753 1 2 3
503 4954 7077 4499 4767 1 2 3
504 4964 4469 5652 6558 1 2 3
505 4971 5852 4315 3873 1 2 3
506 4981 6747 4257 3901 1 2 3
507 4986 4471 4059 3437 1 2 3
508 4994 5842 6072 5928 1 2 3
509 5002 6747 4315 8118 1 2 3
510 5007 4459 4039 6372 1 2 3
511 5097 4009 5976 6998 1 2 3
512 5107 6747 6044 4989 1 2 3
513 5117 4315 5660 4467 1 2 3
514 5125 5812 5972 7051 1 2 3
515 5143 4029 4399 5666 1 2 3
516 5154 4009 4427 4329 1 2 3
517 5162 6747 4265 4963 1 2 3
518 5167 6134 4059 5600 1 2 3
519 5177 5852 4401 3355 1 2 3
520 5182 6747 5862 4155 1 2 3
521 5190 4283 3629 5490 1 2 3
522 5198 5852 4381 5316 1 2 3
523 5205 6747 6042 4667 1 2 3
524 5212 6024 3645 5159 1 2 3
525 5222 3989 4233 4847 1 2 3
526 5230 6747 4333 5654 1 2 3
527 5236 6138 3637 4591 1 2 3
528 5245 5842 4381 4689 1 2 3
529 5260 3999 4403 3919 1 2 3
530 5278 4009 6060 4803 1 2 3
531 5288 7077 6012 5452 1 2 3
532 5294 4479 3645 4879 1 2 3
533 5299 4009 6086 8050 1 2 3
534 5307 6747 4281 4959 1 2 3
535 5315 4261 3637 3441 1 2 3
536 5320 5812 4375 4793 1 2 3
537 5334 3999 4403 4433 1 2 3
538 5348 5832 4387 4299 1 2 3
539 5358 6747 4255 4029 1 2 3
540 5363 4475 4049 3947 1 2 3
541 5449 5852 6070 5674 1 2 3
542 5460 5852 4207 6396 1 2 3
543 5476 4019 4243 5295 1 2 3
544 5483 6747 4253 8078 1 2 3
545 5493 4479 5862 5656 1 2 3
546 5501 4029 4233 5119 1 2 3
547 5516 5812 4333 5279 1 2 3
548 5534 3989 6086 5654 1 2 3
549 5543 6747 5872 5684 1 2 3
550 5553 4469 4039 4985 1 2 3
551 5560 5832 4231 3855 1 2 3
552 5565 7077 4059 5069 1 2 3
553 5570 4481 4059 5173 1 2 3
554 5578 5832 6088 4197 1 2 3
555 5583 7077 4519 4620 1 2 3
556 5592 6134 5652 7059 1 2 3
557 5597 4009 4355 6342 1 2 3
558 5613 3999 4301 6468 1 2 3
559 5619 7077 4059 4757 1 2 3
560 5627 4445 3629 6932 1 2 3
561 5636 5822 5968 5798 1 2 3
562 5642 6747 4253 4023 1 2 3
563 5649 4505 3629 5824 1 2 3
564 5654 4029 4311 5031 1 2 3
565 5661 7077 4049 8072 1 2 3
566 5671 4261 4049 8070 1 2 3
567 5681 5812 4335 3461 1 2 3
568 5696 5832 5972 5131 1 2 3
569 5702 6747 6160 3261 1 2 3
570 5710 4453 4039 5924 1 2 3
571 5800 3999 6036 3961 1 2 3
572 5816 5842 6096 3845 1 2 3
573 5822 7077 4497 3575 1 2 3
574 5828 4473 4059 3947 1 2 3
575 5835 5812 4235 5488 1 2 3
576 5844 7077 4301 7077 1 2 3
577 5852 4457 5660 6378 1 2 3
578 5857 3999 4385 4885 1 2 3
579 5866 7077 6156 6464 1 2 3
580 5871 4493 4059 3411 1 2 3
581 5881 5812 5974 3921 1 2 3
582 5890 7077 4039 6524 1 2 3
583 5897 6048 3629 5440 1 2 3
584 5903 5822 4331 5810 1 2 3
585 5923 3999 4361 6982 1 2 3
586 5938 4009 6068 3681 1 2 3
587 5955 4009 4235 3427 1 2 3
588 5968 5852 4307 3937 1 2 3
589 5975 6747 4337 3285 1 2 3
590 5982 4459 4049 3717 1 2 3
591 5991 4019 6092 6572 1 2 3
592 5999 6747 4529 4595 1 2 3
593 6009 4455 5872 3387 1 2 3
594 6016 5822 4315 3797 1 2 3
595 6025 7077 6156 6128 1 2 3
596 6030 4523 5872 6276 1 2 3
597 6038 4019 6072 4703 1 2 3
598 6044 6747 4517 5720 1 2 3
599 6050 4477 3645 6238 1 2 3
600 6055 5852 4431 4567 1 2 3
601 6068 5852 6072 6906 1 2 3
602 6074 7077 4039 5181 1 2 3
603 6083 4287 3629 5800 1 2 3
604 6089 5812 4341 8064 1 2 3
605 6104 5852 4407 3979 1 2 3
606 6110 7077 6046 8112 1 2 3
607 6120 4525 5862 3909 1 2 3
608 6129 5812 5972 3265 1 2 3
609 6139 6747 6160 3689 1 2 3
610 6149 4523 5872 4513 1 2 3
611 6158 5852 4307 3667 1 2 3
612 6172 5842 4335 6342 1 2 3
613 6188 5852 4207 3535 1 2 3
614 6199 5822 6044 5974 1 2 3
615 6211 5812 4411 4575 1 2 3
616 6221 7077 4285 4373 1 2 3
617 6228 6038 3637 4599 1 2 3
618 6233 5812 4339 4611 1 2 3
619 6243 7077 5872 4187 1 2 3
620 6250 6158 5652 6320 1 2 3
621 6256 5822 4403 5694 1 2 3
622 6269 5842 4213 6306 1 2 3
623 6277 6747 4261 6510 1 2 3
624 6285 4341 4039 3855 1 2 3
625 6295 4009 4231 5053 1 2 3
626 6315 5812 4211 5994 1 2 3
627 6321 6747 6044 6750 1 2 3
628 6326 4337 3637 5886 1 2 3
629 6332 5812 4403 8080 1 2 3
630 6348 5822 4403 8054 1 2 3
631 6353 6747 4519 4371 1 2 3
632 6359 6022 5872 4859 1 2 3
633 6367 4009 6050 6536 1 2 3
634 6382 5822 6064 6386 1 2 3
635 6397 4019 6092 4839 1 2 3
636 6402 6747 4329 6550 1 2 3
637 6407 4267 3645 3345 1 2 3
638 6417 3999 6050 5468 1 2 3
639 6426 6747 4305 5255 1 2 3
640 6436 4471 5652 4173 1 2 3
641 6441 4019 4309 4973 1 2 3
642 6448 7077 4039 3381 1 2 3
643 6455 4495 4059 4301 1 2 3
644 6463 5822 4243 5446 1 2 3
645 6473 7077 4049 4737 1 2 3
646 6480 4327 4049 4991 1 2 3
647 6487 4029 4359 8102 1 2 3
648 6501 3989 6040 3639 1 2 3
649 6511 7077 4277 6223 1 2 3
650 6516 6042 3637 6550 1 2 3
651 6525 3999 4313 4011 1 2 3
652 6541 5852 6050 4223 1 2 3
653 6551 4029 4337 4759 1 2 3
654 6560 6747 4313 5510 1 2 3
655 6568 4253 4059 6226 1 2 3
656 6576 4019 4359 3299 1 2 3
657 6585 6747 4257 5448 1 2 3
658 6595 4337 4049 3705 1 2 3
659 6605 5832 4357 5686 1 2 3
660 6624 5842 6072 5778 1 2 3
661 6637 5852 6042 6581 1 2 3
662 6654 5822 4325 4645 1 2 3
663 6662 6747 6020 4337 1 2 3
664 6672 4287 3637 4337 1 2 3
665 6679 4019 6068 3745 1 2 3
666 6684 7077 4521 5978 1 2 3
667 6689 4333 5652 8106 1 2 3
668 6694 4009 6040 6458 1 2 3
669 6700 6747 5862 5854 1 2 3
670 6706 4335 3645 6352 1 2 3
671 6711 5812 6040 4755 1 2 3
672 6716 7077 6018 4915 1 2 3
673 6725 4507 3637 4149 1 2 3
674 6732 4009 6088 5045 1 2 3
675 6746 5842 6098 3937 1 2 3
676 6765 5832 4377 5892 1 2 3
677 6772 7077 4301 4181 1 2 3
678 6779 4475 4049 3277 1 2 3