1 21 5952 4359 3539 1 2 3
2 46 4399 3999 5732 1 2 3
3 67 4189 6168 4225 1 2 3
4 88 4507 4049 5043 1 2 3
5 111 4243 4505 4823 1 2 3
6 128 4405 4039 4155 1 2 3
7 146 4217 4381 5027 1 2 3
8 164 4425 4009 5784 1 2 3
9 182 5948 4361 3961 1 2 3
10 207 6136 5832 6028 1 2 3
11 222 4243 4397 3693 1 2 3
12 240 4431 3999 5878 1 2 3
13 256 5944 4359 7019 1 2 3
14 272 4501 5660 4349 1 2 3
15 290 4169 4517 6268 1 2 3
16 313 6144 5652 7063 1 2 3
17 328 4195 4501 6062 1 2 3
18 349 4377 5652 3885 1 2 3
19 365 4265 6166 4355 1 2 3
20 381 4425 4019 6190 1 2 3
21 405 6050 6144 8072 1 2 3
22 429 6070 4009 4185 1 2 3
23 450 4229 4485 5414 1 2 3
24 466 4435 5832 4721 1 2 3
25 489 5942 4517 4847 1 2 3
26 511 4473 5822 5752 1 2 3
27 527 4159 4459 4569 1 2 3
28 545 6134 4059 6494 1 2 3
29 567 4277 4445 4545 1 2 3
30 588 6168 3989 7079 1 2 3
31 610 6046 4399 4781 1 2 3
32 629 4357 4049 3611 1 2 3
33 651 5948 4405 4583 1 2 3
34 668 4529 4009 8124 1 2 3
35 687 4307 4527 4305 1 2 3
36 711 4411 4009 3425 1 2 3
37 734 5946 4431 5800 1 2 3
38 758 6136 4049 8056 1 2 3
39 773 4167 4411 5187 1 2 3
40 791 6062 5872 4833 1 2 3
41 809 4267 4499 4741 1 2 3
42 832 6160 4039 4825 1 2 3
43 848 4181 4427 4847 1 2 3
44 871 4421 5832 6270 1 2 3
45 896 4337 4399 4659 1 2 3
46 914 6132 3989 4697 1 2 3
47 933 4207 4505 4632 1 2 3
48 951 6090 4039 3953 1 2 3
49 973 4165 6566 6218 1 2 3
50 996 6166 4059 8072 1 2 3
51 1013 4309 4435 4909 1 2 3
52 1036 4519 5660 4793 1 2 3
53 1052 4259 4497 6396 1 2 3
54 1072 4473 5872 5281 1 2 3
55 1093 4243 4375 5177 1 2 3
56 1114 4379 4059 4171 1 2 3
57 1130 5974 6566 5496 1 2 3
58 1155 6140 5832 8054 1 2 3
59 1179 4173 6132 5271 1 2 3
60 1196 4483 5852 5506 1 2 3
61 1214 4189 4523 4099 1 2 3
62 1231 4493 4039 5736 1 2 3
63 1255 6018 6146 4003 1 2 3
64 1274 6066 5660 6074 1 2 3
65 1295 4325 4457 6196 1 2 3
66 1319 4425 4039 3931 1 2 3
67 1336 4257 6066 5227 1 2 3
68 1355 6564 3629 4941 1 2 3
69 1376 4171 4525 4585 1 2 3
70 1396 4411 4059 5304 1 2 3
71 1412 4257 4359 4551 1 2 3
72 1434 4353 5812 4781 1 2 3
73 1451 6046 4385 4853 1 2 3
74 1476 4349 4019 4889 1 2 3
75 1494 6040 4399 3659 1 2 3
76 1512 6134 5832 6426 1 2 3
77 1534 4161 6170 4231 1 2 3
78 1549 4507 4049 6992 1 2 3
79 1574 4315 6162 6552 1 2 3
80 1591 4525 5842 6974 1 2 3
81 1608 4241 4435 5301 1 2 3
82 1627 4475 3645 6262 1 2 3
83 1647 6022 4359 5492 1 2 3
84 1670 4505 3999 3983 1 2 3
85 1691 4169 4517 5614 1 2 3
86 1711 6164 3989 5956 1 2 3
87 1735 4309 4519 6068 1 2 3
88 1750 6142 3645 4727 1 2 3
89 1774 4289 6168 4505 1 2 3
90 1798 4449 3637 3841 1 2 3
91 1817 4219 4387 5582 1 2 3
92 1841 4453 5872 6382 1 2 3
93 1865 4311 4389 5892 1 2 3
94 1890 4363 3999 3917 1 2 3
95 1915 4211 4429 8150 1 2 3
96 1932 4475 5872 5758 1 2 3
97 1956 4237 4351 5660 1 2 3
98 1979 4397 3645 5606 1 2 3
99 1995 5944 4389 3657 1 2 3
100 2011 6158 5660 5510 1 2 3
101 2032 6026 4459 5147 1 2 3
102 2057 6086 4019 5213 1 2 3
103 2077 4243 4469 6370 1 2 3
104 2094 4437 4039 3313 1 2 3
105 2110 4311 4445 6528 1 2 3
106 2135 6156 5832 3319 1 2 3
107 2157 6048 4359 5704 1 2 3
108 2180 4523 5822 6020 1 2 3
109 2196 4279 4355 3799 1 2 3
110 2221 4499 3989 6460 1 2 3
111 2242 4289 6094 5322 1 2 3
112 2267 6170 4049 6932 1 2 3
113 2284 4341 4429 7035 1 2 3
114 2300 6132 5842 3333 1 2 3
115 2321 4159 4493 6544 1 2 3
116 2340 6142 5862 5634 1 2 3
117 2364 4181 4447 4547 1 2 3
118 2379 6146 5822 6012 1 2 3
119 2399 5970 4405 3723 1 2 3
120 2417 6564 5812 4253 1 2 3
121 2432 4239 4469 5520 1 2 3
122 2448 6132 5660 8106 1 2 3
123 2472 4181 4521 5061 1 2 3
124 2496 4409 4049 3615 1 2 3
125 2517 4241 6070 6358 1 2 3
126 2536 4445 4039 5598 1 2 3
127 2554 6038 6566 4741 1 2 3
128 2579 4351 4029 6240 1 2 3
129 2604 5972 4483 5766 1 2 3
130 2620 4423 3645 3573 1 2 3
131 2637 6022 4477 4837 1 2 3
132 2656 4361 3989 5097 1 2 3
133 2678 4281 4361 3695 1 2 3
134 2703 4501 3999 4519 1 2 3
135 2727 4181 6138 5360 1 2 3
136 2752 6162 4049 4223 1 2 3
137 2772 4267 6098 3921 1 2 3
138 2795 4407 5652 5634 1 2 3
139 2810 4173 4523 3753 1 2 3
140 2826 4475 3645 5470 1 2 3
141 2844 6036 6160 6150 1 2 3
142 2861 6566 4009 3633 1 2 3
143 2882 4277 6142 5001 1 2 3
144 2897 4485 4019 6974 1 2 3
145 2912 4191 4435 5015 1 2 3
146 2937 6564 4009 6044 1 2 3
147 2960 4195 6160 7015 1 2 3
148 2981 4425 5842 3891 1 2 3
149 2996 5966 4527 4651 1 2 3
150 3014 6168 5862 3387 1 2 3
151 3038 4207 4397 6146 1 2 3
152 3063 4385 5842 3441 1 2 3
153 3088 4339 4361 6450 1 2 3
154 3110 4425 3629 3327 1 2 3
155 3133 5946 6162 4389 1 2 3
156 3155 4361 5812 3533 1 2 3
157 3175 4277 6094 4313 1 2 3
158 3194 6156 4019 5364 1 2 3
159 3213 4277 6164 8144 1 2 3
160 3230 4459 5872 6747 1 2 3
161 3252 4171 4351 8070 1 2 3
162 3273 6138 4029 5017 1 2 3
163 3293 5964 6074 4933 1 2 3
164 3311 6566 3629 5746 1 2 3
165 3329 4339 4351 6364 1 2 3
166 3344 6142 4029 3981 1 2 3
167 3369 4255 4381 5722 1 2 3
168 3393 6164 5660 8152 1 2 3
169 3418 4161 4459 4935 1 2 3
170 3439 6162 5842 6910 1 2 3
171 3455 4331 4435 5480 1 2 3
172 3476 4455 4059 6188 1 2 3
173 3496 6016 4361 5922 1 2 3
174 3512 4411 4019 4713 1 2 3
175 3528 4301 4473 5914 1 2 3
176 3547 4475 4049 6486 1 2 3
177 3562 4159 4523 6080 1 2 3
178 3584 6564 5872 5302 1 2 3
179 3606 4281 6166 3971 1 2 3
180 3631 4449 3645 4215 1 2 3
181 3648 6020 4507 5255 1 2 3
182 3664 4529 3629 5790 1 2 3
183 3686 6024 4383 5768 1 2 3
184 3704 4381 5812 5600 1 2 3
185 3723 4337 4479 5696 1 2 3
186 3748 4351 5862 6256 1 2 3
187 3763 4243 6134 4801 1 2 3
188 3784 4425 3645 8120 1 2 3
189 3801 4255 6146 5568 1 2 3
190 3822 4451 5852 3721 1 2 3
191 3841 6026 4361 4013 1 2 3
192 3856 6164 5862 7000 1 2 3
193 3878 5946 4373 3923 1 2 3
194 3893 4453 4049 6478 1 2 3
195 3910 4241 6142 3405 1 2 3
196 3928 4359 5862 6186 1 2 3
197 3953 4241 6136 4389 1 2 3
198 3973 4389 5812 3319 1 2 3
199 3994 4257 4363 4545 1 2 3
200 4019 4503 4059 3259 1 2 3
201 4041 4229 4437 4149 1 2 3
202 4059 4405 5832 3697 1 2 3
203 4079 5966 4361 6264 1 2 3
204 4096 6070 4009 4841 1 2 3
205 4121 4235 4517 4205 1 2 3
206 4146 6134 5852 4737 1 2 3
207 4163 4245 4507 5225 1 2 3
208 4180 4361 5652 6972 1 2 3
209 4205 6050 4485 5322 1 2 3
210 4224 6090 4019 4495 1 2 3
211 4242 6022 6564 3823 1 2 3
212 4263 6068 5832 5067 1 2 3
213 4283 4307 6072 4995 1 2 3
214 4303 6086 3989 5754 1 2 3
215 4326 5964 4427 6402 1 2 3
216 4350 4459 5652 4691 1 2 3
217 4375 4329 4497 3673 1 2 3
218 4398 4363 3637 6578 1 2 3
219 4414 5964 4355 3923 1 2 3
220 4438 4383 3645 3725 1 2 3
221 4456 4261 6092 5498 1 2 3
222 4479 6164 5822 5936 1 2 3
223 4497 4259 6138 3927 1 2 3
224 4514 6144 5660 6974 1 2 3
225 4538 4233 6170 5780 1 2 3
226 4560 4477 3645 5676 1 2 3
227 4581 4285 6146 6122 1 2 3
228 4596 6156 5822 4125 1 2 3
229 4620 4219 4455 6380 1 2 3
230 4643 4485 5812 4129 1 2 3
231 4660 4339 4479 3749 1 2 3
232 4676 4485 5842 5169 1 2 3
233 4698 4329 4421 5644 1 2 3
234 4721 6140 3637 5348 1 2 3
235 4740 5966 4405 6006 1 2 3
236 4760 4425 4039 4787 1 2 3
237 4780 4233 6160 4636 1 2 3
238 4798 4423 4059 4147 1 2 3
239 4814 4303 6086 5666 1 2 3
240 4834 6138 5652 3893 1 2 3
241 4851 4207 6158 5113 1 2 3
242 4868 4407 5852 3263 1 2 3
243 4887 4291 4375 3429 1 2 3
244 4902 6162 3629 5456 1 2 3
245 4926 4341 4499 8104 1 2 3
246 4943 4495 3629 5966 1 2 3
247 4960 5948 4527 4123 1 2 3
248 4981 4399 4029 5484 1 2 3
249 5003 4261 4403 4207 1 2 3
250 5026 4471 5812 4553 1 2 3
251 5045 6038 4493 4351 1 2 3
252 5070 4503 3629 3761 1 2 3
253 5086 4301 4483 3797 1 2 3
254 5102 6072 3989 3707 1 2 3
255 5119 5948 4503 5890 1 2 3
256 5139 4479 3629 3335 1 2 3
257 5161 6022 6142 3573 1 2 3
258 5185 4497 5822 6978 1 2 3
259 5204 4215 4375 5988 1 2 3
260 5229 6066 4019 6272 1 2 3
261 5244 4339 4423 4614 1 2 3
262 5261 4457 3645 3887 1 2 3
263 5281 4183 4459 4191 1 2 3
264 5302 4431 3637 5488 1 2 3
265 5318 4333 4381 5247 1 2 3
266 5339 4455 4059 4921 1 2 3
267 5359 4187 4503 5524 1 2 3
268 5381 6168 5872 4585 1 2 3
269 5399 4215 4401 4634 1 2 3
270 5416 6142 4009 3571 1 2 3
271 5441 4253 4477 6254 1 2 3
272 5461 4355 3999 4719 1 2 3
273 5480 4217 4385 4025 1 2 3
274 5499 6136 4049 5924 1 2 3
275 5515 6040 4469 5948 1 2 3
276 5531 4529 5862 5680 1 2 3
277 5546 4301 4437 6320 1 2 3
278 5565 6158 5872 5338 1 2 3
279 5589 4235 4397 3419 1 2 3
280 5608 6564 5842 4217 1 2 3
281 5626 4183 6062 6166 1 2 3
282 5641 6098 3645 5069 1 2 3
283 5658 4337 6094 4975 1 2 3
284 5676 4483 3999 4545 1 2 3
285 5697 4261 4447 6894 1 2 3
286 5718 4445 3999 6245 1 2 3
287 5743 4191 6142 8078 1 2 3
288 5767 6164 3645 3745 1 2 3
289 5789 4313 4357 6442 1 2 3
290 5812 4525 4049 4377 1 2 3
291 5831 5970 4377 8054 1 2 3
292 5854 6146 5852 4837 1 2 3
293 5873 6042 4485 5047 1 2 3
294 5894 4503 4049 3315 1 2 3
295 5909 5950 6142 3523 1 2 3
296 5925 6088 4039 5027 1 2 3
297 5945 5970 4355 3907 1 2 3
298 5966 4451 5842 3271 1 2 3
299 5991 5946 4497 4993 1 2 3
300 6016 4385 4029 5125 1 2 3
301 6037 4183 4453 4165 1 2 3
302 6058 4521 4009 5342 1 2 3
303 6076 4165 6138 5844 1 2 3
304 6093 4389 5862 5414 1 2 3
305 6112 6024 4493 6890 1 2 3
306 6129 4479 5660 3485 1 2 3
307 6154 4291 4403 4475 1 2 3
308 6172 4409 5842 5021 1 2 3
309 6195 4289 4483 4771 1 2 3
310 6219 4475 4019 3325 1 2 3
311 6238 4283 4525 6152 1 2 3
312 6260 4401 3629 4949 1 2 3
313 6275 4213 4493 4075 1 2 3
314 6300 4473 3999 4713 1 2 3
315 6320 4283 6164 4111 1 2 3
316 6337 6088 5822 4595 1 2 3
317 6354 4325 4505 6492 1 2 3
318 6370 4505 4029 5350 1 2 3
319 6395 5946 4381 7077 1 2 3
320 6420 4485 5842 4073 1 2 3
321 6437 4161 4423 4989 1 2 3
322 6454 4363 4019 5121 1 2 3
323 6478 5966 4495 5790 1 2 3
324 6503 4407 3645 4261 1 2 3
325 6526 4169 4377 7057 1 2 3
326 6550 4403 4029 3903 1 2 3
327 6574 4309 4497 5167 1 2 3
328 6590 6566 5842 3983 1 2 3
329 6610 5942 6146 5794 1 2 3
330 6628 6062 3999 5820 1 2 3
331 6643 4263 6168 4997 1 2 3
332 6667 4387 5812 6890 1 2 3
333 6685 6038 4471 4585 1 2 3
334 6709 4351 5832 5834 1 2 3
335 6724 4291 4505 3269 1 2 3
336 6739 4383 3637 5930 1 2 3
337 6764 4255 6092 4071 1 2 3
338 6784 4501 4009 7045 1 2 3
339 6800 4241 4405 6968 1 2 3
340 6816 4469 4059 4983 1 2 3
341 6838 4327 6084 5229 1 2 3
342 6853 4389 4059 4203 1 2 3
343 6868 4167 6156 4491 1 2 3
344 6883 4403 4049 4107 1 2 3
345 6906 4171 4529 5792 1 2 3
346 6928 6064 4059 5530 1 2 3
347 6947 4253 4493 5051 1 2 3
348 6962 4373 5652 5564 1 2 3
349 6981 4327 6084 5105 1 2 3
350 6999 6092 4049 3583 1 2 3
351 7021 4279 4525 5590 1 2 3
352 7036 4455 4029 4905 1 2 3
353 7061 5976 6162 3643 1 2 3
354 7077 4479 4039 6002 1 2 3
355 7097 5940 4501 4577 1 2 3
356 7114 6092 3989 4947 1 2 3
357 7130 4237 4505 3677 1 2 3
358 7150 6072 4039 5690 1 2 3
359 7174 5978 4505 6012 1 2 3
360 7199 4437 4009 4307 1 2 3
361 7217 4189 4517 5209 1 2 3
362 7239 4397 5862 3827 1 2 3
363 7264 5950 4453 4877 1 2 3
364 7284 4399 5822 4373 1 2 3
365 7304 4215 4493 4405 1 2 3
366 7321 4473 4009 4611 1 2 3
367 7339 5966 6070 5770 1 2 3
368 7363 4477 3989 5452 1 2 3
369 7378 6048 4529 3515 1 2 3
370 7398 6168 5832 8112 1 2 3
371 7417 4335 4383 5412 1 2 3
372 7441 6170 4019 5071 1 2 3
373 7460 4191 6168 6566 1 2 3
374 7485 4363 3637 6390 1 2 3
375 7507 4337 6164 6196 1 2 3
376 7525 4483 5660 5107 1 2 3
377 7544 4311 4481 5570 1 2 3
378 7567 6070 3999 6468 1 2 3
379 7591 4173 4493 4483 1 2 3
380 7613 6138 4019 5017 1 2 3
381 7634 5966 4517 4735 1 2 3
382 7657 6062 5832 5209 1 2 3
383 7675 5954 4521 4605 1 2 3
384 7695 4503 5660 384 1 2 3
385 7719 4307 6160 5528 1 2 3
386 7739 4373 5872 4463 1 2 3
387 7762 4279 4495 5980 1 2 3
388 7780 6156 4009 3379 1 2 3
389 7801 4185 4357 388 1 2 3
390 7825 4519 3989 5015 1 2 3
391 7841 4285 6068 3365 1 2 3
392 7860 4373 5652 5287 1 2 3
393 7877 4265 6166 4495 1 2 3
394 7893 4355 3637 5301 1 2 3
395 7911 4241 4475 5267 1 2 3
396 7932 4405 4059 5402 1 2 3
397 7956 4283 6566 5544 1 2 3
398 7979 6066 5832 6496 1 2 3
399 7995 4241 6564 5308 1 2 3
400 8014 4435 3637 6958 1 2 3
401 8029 6046 4363 6052 1 2 3
402 8050 4405 4009 4231 1 2 3
403 8068 6022 6564 5410 1 2 3
404 8083 6164 4049 3455 1 2 3
405 8099 4313 4499 5584 1 2 3
406 8119 4497 4029 3893 1 2 3
407 8138 4255 4469 4263 1 2 3
408 8156 6070 4049 3395 1 2 3
409 8176 6044 4435 8098 1 2 3
410 8199 6094 5872 4581 1 2 3
411 8216 4285 4407 5398 1 2 3
412 8235 4375 5812 4697 1 2 3
413 8258 4181 4351 5586 1 2 3
414 8276 4405 4039 5456 1 2 3
415 8298 6018 6060 8070 1 2 3
416 8315 6094 4009 6444 1 2 3
417 8337 4163 4483 4347 1 2 3
418 8354 4495 5812 6098 1 2 3
419 8375 4165 6088 6178 1 2 3
420 8397 4423 4059 6260 1 2 3
421 8417 4335 6140 4331 1 2 3
422 8442 4387 4019 6374 1 2 3
423 8466 4291 4389 6194 1 2 3
424 8489 4457 4049 4089 1 2 3
425 8507 4331 4429 4941 1 2 3
426 8528 4381 4049 3513 1 2 3
427 8550 4331 4501 3787 1 2 3
428 8571 4475 3999 3721 1 2 3
429 8590 4315 4411 4779 1 2 3
430 8613 4403 5652 4017 1 2 3
431 8630 4315 4473 6558 1 2 3
432 8650 4517 4009 6140 1 2 3
433 8668 6014 6064 3781 1 2 3
434 8686 4523 4039 5800 1 2 3
435 8711 6014 4357 5099 1 2 3
436 8728 4519 5652 3481 1 2 3
437 8749 4253 4431 6158 1 2 3
438 8773 6068 5842 6334 1 2 3
439 8790 5972 6060 8078 1 2 3
440 8805 4519 5652 3367 1 2 3
441 8828 5976 6132 4801 1 2 3
442 8850 4405 4019 8122 1 2 3
443 8869 4279 4423 6514 1 2 3
444 8887 6066 4009 3503 1 2 3
445 8905 6048 4431 3281 1 2 3
446 8925 6142 5660 3729 1 2 3
447 8945 4293 6074 5792 1 2 3
448 8967 6064 4019 4009 1 2 3
449 8991 4291 4437 5063 1 2 3
450 9008 4479 3999 5245 1 2 3
451 9029 4215 4519 5632 1 2 3
452 9050 4349 4009 6940 1 2 3
453 9066 4263 4451 5436 1 2 3
454 9081 6064 5872 5560 1 2 3
455 9100 5954 4497 5806 1 2 3
456 9118 6144 5660 6296 1 2 3
457 9134 6044 4421 5380 1 2 3
458 9157 6158 4009 4075 1 2 3
459 9173 4159 4529 4759 1 2 3
460 9193 6090 4039 5237 1 2 3
461 9211 4255 4519 5840 1 2 3
462 9233 4483 3629 5948 1 2 3
463 9252 6038 4423 5756 1 2 3
464 9274 4503 3999 6052 1 2 3
465 9299 6016 6170 4589 1 2 3
466 9314 4453 4029 3407 1 2 3
467 9339 4229 4473 3925 1 2 3
468 9354 4529 3629 4173 1 2 3
469 9376 4263 4475 6436 1 2 3
470 9392 4497 4029 6478 1 2 3
471 9409 4309 4411 6342 1 2 3
472 9427 4505 5652 5297 1 2 3
473 9444 4167 4375 6034 1 2 3
474 9469 4431 5872 6486 1 2 3
475 9492 4289 4373 5025 1 2 3
476 9512 4523 5652 6980 1 2 3
477 9529 4337 4503 6550 1 2 3
478 9554 4349 4039 4833 1 2 3
479 9577 4185 6098 4611 1 2 3
480 9595 4473 4009 3491 1 2 3
481 9612 5954 6160 6356 1 2 3
482 9633 6088 3999 3947 1 2 3
483 9650 4233 4401 6747 1 2 3
484 9671 4483 4029 5542 1 2 3
485 9691 4229 4399 6008 1 2 3
486 9707 6156 3629 5952 1 2 3
487 9730 6044 6160 7079 1 2 3
488 9750 4493 4029 3311 1 2 3
489 9765 5974 6098 4853 1 2 3
490 9790 6094 5660 3731 1 2 3
491 9809 4207 4473 6272 1 2 3
492 9824 4493 3989 5872 1 2 3
493 9847 4283 4397 3323 1 2 3
494 9864 4499 3989 4333 1 2 3
495 9884 4301 6092 5171 1 2 3
496 9902 4389 3645 8120 1 2 3
497 9927 4265 4455 4159 1 2 3
498 9949 4523 5822 4539 1 2 3
499 9966 4231 4499 8112 1 2 3
500 9989 4381 4039 4265 1 2 3
501 10009 4329 4429 5840 1 2 3
502 10034 4479 5652 5666 1 2 3
503 10059 4293 6084 3579 1 2 3
504 10082 4377 4029 6428 1 2 3
505 10100 4279 4475 4989 1 2 3
506 10123 4409 5652 3327 1 2 3
507 10143 5976 4407 5107 1 2 3
508 10166 6564 3989 4469 1 2 3
509 10183 4229 4437 4231 1 2 3
510 10202 4519 3629 6258 1 2 3
511 10221 4333 4459 4247 1 2 3
512 10245 6098 5652 4675 1 2 3
513 10269 4277 6156 3323 1 2 3
514 10284 6070 5842 6424 1 2 3
515 10302 6042 4503 3731 1 2 3
516 10321 4529 4019 3533 1 2 3
517 10339 5964 4527 3347 1 2 3
518 10358 6094 4019 3807 1 2 3
519 10375 4229 6164 4873 1 2 3
520 10400 6158 5812 7037 1 2 3
521 10419 6042 4499 6066 1 2 3
522 10438 4409 5812 6334 1 2 3
523 10456 4329 6138 3961 1 2 3
524 10479 4403 5852 4653 1 2 3
525 10494 4257 4479 3425 1 2 3
526 10518 6070 3989 3533 1 2 3
527 10536 4185 6092 6326 1 2 3
528 10561 4521 4049 4889 1 2 3
529 10581 4193 4517 3707 1 2 3
530 10599 6170 3637 5295 1 2 3
531 10621 4263 4363 5592 1 2 3
532 10646 4401 4029 6226 1 2 3
533 10668 4211 6566 3899 1 2 3
534 10684 6094 5862 5852 1 2 3
535 10700 4335 4389 5115 1 2 3
536 10716 6066 3645 4634 1 2 3
537 10741 4231 6068 6038 1 2 3
538 10759 4373 4019 5279 1 2 3
539 10781 6016 4397 5131 1 2 3
540 10797 6084 3637 3247 1 2 3
541 10814 4259 4475 6136 1 2 3
542 10839 4399 4009 4327 1 2 3
543 10857 4173 4361 4705 1 2 3
544 10876 4485 5842 7023 1 2 3
545 10893 6016 6098 6450 1 2 3
546 10918 4405 5852 3555 1 2 3
547 10935 4163 6088 3317 1 2 3
548 10957 6170 5852 3579 1 2 3
549 10973 4261 4397 5440 1 2 3
550 10989 6096 5832 4638 1 2 3
551 11011 5952 4421 6432 1 2 3
552 11028 4523 4029 4799 1 2 3
553 11047 4285 6064 5478 1 2 3
554 11063 4385 5652 5716 1 2 3
555 11078 4183 4501 3253 1 2 3
556 11103 6098 3645 5328 1 2 3
557 11121 5974 4505 3855 1 2 3
558 11137 4475 5832 4743 1 2 3
559 11155 4259 4377 5183 1 2 3
560 11170 4479 5872 6004 1 2 3
561 11194 4207 4427 3977 1 2 3
562 11214 6094 5842 5430 1 2 3
563 11235 5974 4437 4009 1 2 3
564 11251 4493 5652 3935 1 2 3
565 11266 6044 4377 7053 1 2 3
566 11284 6158 5660 4227 1 2 3
567 11299 4235 4529 7059 1 2 3
568 11314 4521 3999 6394 1 2 3
569 11336 4231 4471 3765 1 2 3
570 11351 4405 4059 6032 1 2 3
571 11375 4191 4503 5510 1 2 3
572 11390 6136 3989 5792 1 2 3
573 11413 4339 4425 4589 1 2 3
574 11433 6074 4009 6978 1 2 3
575 11451 6046 4525 3403 1 2 3
576 11470 4451 5842 4593 1 2 3
577 11485 4309 4451 4719 1 2 3
578 11500 4503 5862 3627 1 2 3
579 11523 4205 4409 5540 1 2 3
580 11539 4459 4019 4253 1 2 3
581 11564 6044 6072 4127 1 2 3
582 11584 6060 4039 4973 1 2 3
583 11603 5970 6566 4551 1 2 3
584 11622 4355 4019 4107 1 2 3
585 11645 5972 4373 5534 1 2 3
586 11661 4477 4009 6176 1 2 3
587 11684 4161 4523 3943 1 2 3
588 11707 4373 3637 4681 1 2 3
589 11726 6024 4469 5918 1 2 3
590 11741 4469 5832 8062 1 2 3
591 11757 4169 4459 4391 1 2 3
592 11778 6140 4059 4695 1 2 3
593 11797 4255 4401 3561 1 2 3
594 11813 4451 3629 7049 1 2 3
595 11831 4231 4403 6030 1 2 3
596 11856 6074 5842 4287 1 2 3
597 11874 6046 6062 4739 1 2 3
598 11896 4353 4049 5001 1 2 3
599 11914 4215 4433 5324 1 2 3
600 11929 4429 4029 5870 1 2 3
